  Freq. (cm^{-1})           IR Inten.        QC-IR Inten.
           2.0529        8.949272E-02        8.956285E-02
           4.1057        1.006250E-01        1.007827E-01
           6.1586        9.213107E-02        9.234779E-02
           8.2115        8.833728E-02        8.861441E-02
          10.2643        1.066365E-01        1.070548E-01
          12.3172        1.217097E-01        1.222828E-01
          14.3701        1.256153E-01        1.263055E-01
          16.4229        1.362841E-01        1.371401E-01
          18.4758        1.530493E-01        1.541311E-01
          20.5287        2.139631E-01        2.156438E-01
          22.5815        3.225236E-01        3.253111E-01
          24.6344        3.571935E-01        3.605622E-01
          26.6872        3.022754E-01        3.053646E-01
          28.7401        2.618992E-01        2.647824E-01
          30.7930        2.295022E-01        2.322099E-01
          32.8458        2.055422E-01        2.081295E-01
          34.8987        2.484763E-01        2.518004E-01
          36.9516        2.989677E-01        3.032037E-01
          39.0044        2.826195E-01        2.868474E-01
          41.0573        2.508802E-01        2.548319E-01
          43.1102        2.678749E-01        2.723063E-01
          45.1630        3.027041E-01        3.079516E-01
          47.2159        2.853022E-01        2.904742E-01
          49.2688        2.173558E-01        2.214684E-01
          51.3216        1.609140E-01        1.640864E-01
          53.3745        1.405010E-01        1.433825E-01
          55.4274        1.290275E-01        1.317761E-01
          57.4802        1.182588E-01        1.208720E-01
          59.5331        1.414901E-01        1.447292E-01
          61.5860        1.851184E-01        1.895035E-01
          63.6388        1.783931E-01        1.827609E-01
          65.6917        1.258641E-01        1.290460E-01
          67.7445        9.287413E-02        9.529605E-02
          69.7974        8.439227E-02        8.666027E-02
          71.8503        7.818196E-02        8.034542E-02
          73.9031        7.896060E-02        8.120861E-02
          75.9560        9.115428E-02        9.382223E-02
          78.0089        1.130504E-01        1.164495E-01
          80.0617        1.392060E-01        1.435029E-01
          82.1146        1.609952E-01        1.660933E-01
          84.1675        1.756285E-01        1.813305E-01
          86.2203        1.777461E-01        1.836592E-01
          88.2732        1.629018E-01        1.684514E-01
          90.3261        1.516456E-01        1.569333E-01
          92.3789        1.616169E-01        1.673818E-01
          94.4318        1.570729E-01        1.628018E-01
          96.4847        1.154439E-01        1.197470E-01
          98.5375        7.937210E-02        8.239442E-02
         100.5904        6.791901E-02        7.055979E-02
         102.6433        7.330455E-02        7.621365E-02
         104.6961        9.849400E-02        1.024819E-01
         106.7490        1.178297E-01        1.226954E-01
         108.8018        1.221093E-01        1.272499E-01
         110.8547        1.253612E-01        1.307397E-01
         112.9076        1.127413E-01        1.176692E-01
         114.9604        8.921608E-02        9.318761E-02
         117.0133        7.526487E-02        7.867606E-02
         119.0662        7.634238E-02        7.986401E-02
         121.1190        9.440453E-02        9.883558E-02
         123.1719        1.033285E-01        1.082619E-01
         125.2248        8.953404E-02        9.388118E-02
         127.2776        7.240699E-02        7.598111E-02
         129.3305        5.543280E-02        5.821389E-02
         131.3834        4.597736E-02        4.832129E-02
         133.4362        4.696131E-02        4.939343E-02
         135.4891        4.213210E-02        4.434826E-02
         137.5420        3.575703E-02        3.766684E-02
         139.5948        3.270211E-02        3.447528E-02
         141.6477        2.733339E-02        2.883764E-02
         143.7006        2.438552E-02        2.574734E-02
         145.7534        2.415312E-02        2.552158E-02
         147.8063        2.481676E-02        2.624299E-02
         149.8591        3.116042E-02        3.297656E-02
         151.9120        4.735022E-02        5.014847E-02
         153.9649        6.761425E-02        7.166508E-02
         156.0177        7.505361E-02        7.961127E-02
         158.0706        7.122847E-02        7.561188E-02
         160.1235        7.817521E-02        8.304984E-02
         162.1763        9.697021E-02        1.030959E-01
         164.2292        1.029010E-01        1.094853E-01
         166.2821        8.685903E-02        9.248777E-02
         168.3349        7.145042E-02        7.613900E-02
         170.3878        6.701340E-02        7.146558E-02
         172.4407        6.172062E-02        6.587163E-02
         174.4935        6.173704E-02        6.593965E-02
         176.5464        6.920364E-02        7.397117E-02
         178.5993        6.398722E-02        6.844777E-02
         180.6521        4.635582E-02        4.962527E-02
         182.7050        3.440833E-02        3.686333E-02
         184.7579        3.435321E-02        3.683245E-02
         186.8107        3.990698E-02        4.281977E-02
         188.8636        4.064737E-02        4.364758E-02
         190.9164        3.622237E-02        3.892572E-02
         192.9693        3.368563E-02        3.622732E-02
         195.0222        3.392624E-02        3.651399E-02
         197.0750        3.422738E-02        3.686625E-02
         199.1279        3.281881E-02        3.537609E-02
         201.1808        3.113074E-02        3.358211E-02
         203.2336        2.930559E-02        3.163739E-02
         205.2865        2.459080E-02        2.656771E-02
         207.3394        1.960579E-02        2.119812E-02
         209.3922        1.732634E-02        1.874783E-02
         211.4451        1.673414E-02        1.812086E-02
         213.4980        1.669095E-02        1.808787E-02
         215.5508        1.725244E-02        1.871060E-02
         217.6037        2.116092E-02        2.296691E-02
         219.6566        2.556397E-02        2.776689E-02
         221.7094        2.633357E-02        2.862460E-02
         223.7623        2.859026E-02        3.110129E-02
         225.8152        3.082956E-02        3.356279E-02
         227.8680        3.057036E-02        3.330595E-02
         229.9209        3.812824E-02        4.157176E-02
         231.9738        5.130840E-02        5.598482E-02
         234.0266        5.665290E-02        6.186345E-02
         236.0795        5.412097E-02        5.914359E-02
         238.1323        4.691518E-02        5.130805E-02
         240.1852        3.878362E-02        4.244733E-02
         242.2381        3.975871E-02        4.354759E-02
         244.2909        4.541661E-02        4.978245E-02
         246.3438        4.073617E-02        4.468599E-02
         248.3967        2.954224E-02        3.243129E-02
         250.4495        2.467251E-02        2.710588E-02
         252.5024        2.965503E-02        3.260454E-02
         254.5553        4.557498E-02        5.014590E-02
         256.6081        5.979087E-02        6.583745E-02
         258.6610        5.422658E-02        5.975572E-02
         260.7139        4.542960E-02        5.009970E-02
         262.7667        5.024828E-02        5.545573E-02
         264.8196        4.939459E-02        5.455486E-02
         266.8725        4.152012E-02        4.589247E-02
         268.9253        4.143828E-02        4.583668E-02
         270.9782        4.085832E-02        4.522937E-02
         273.0311        4.272562E-02        4.733223E-02
         275.0839        5.240365E-02        5.809764E-02
         277.1368        5.077442E-02        5.633395E-02
         279.1896        4.029145E-02        4.473695E-02
         281.2425        3.905923E-02        4.340155E-02
         283.2954        3.877274E-02        4.311578E-02
         285.3482        2.992873E-02        3.330627E-02
         287.4011        2.092101E-02        2.329959E-02
         289.4540        1.844254E-02        2.055484E-02
         291.5068        1.939647E-02        2.163434E-02
         293.5597        2.074908E-02        2.316048E-02
         295.6126        2.533979E-02        2.830604E-02
         297.6654        3.037461E-02        3.395582E-02
         299.7183        2.857655E-02        3.196985E-02
         301.7712        2.617927E-02        2.930999E-02
         303.8240        3.324285E-02        3.724634E-02
         305.8769        4.242468E-02        4.756976E-02
         307.9298        4.019844E-02        4.510748E-02
         309.9826        2.855858E-02        3.207029E-02
         312.0355        1.968049E-02        2.211714E-02
         314.0884        1.811563E-02        2.037386E-02
         316.1412        1.919488E-02        2.160388E-02
         318.1941        1.829121E-02        2.060229E-02
         320.2469        1.638388E-02        1.846784E-02
         322.2998        1.869296E-02        2.108646E-02
         324.3527        2.667869E-02        3.011733E-02
         326.4055        3.298202E-02        3.726108E-02
         328.4584        3.010152E-02        3.403241E-02
         330.5113        2.120235E-02        2.398912E-02
         332.5641        1.462487E-02        1.655954E-02
         334.6170        1.297438E-02        1.470174E-02
         336.6699        1.412118E-02        1.601322E-02
         338.7227        1.621910E-02        1.840603E-02
         340.7756        1.832374E-02        2.081005E-02
         342.8285        1.956931E-02        2.224129E-02
         344.8813        2.004203E-02        2.279563E-02
         346.9342        2.085161E-02        2.373421E-02
         348.9871        2.191597E-02        2.496439E-02
         351.0399        2.633968E-02        3.002590E-02
         353.0928        3.923199E-02        4.475597E-02
         355.1457        5.225322E-02        5.965523E-02
         357.1985        5.130173E-02        5.861279E-02
         359.2514        3.892208E-02        4.450217E-02
         361.3042        2.588181E-02        2.961450E-02
         363.3571        1.761665E-02        2.017241E-02
         365.4100        1.546927E-02        1.772673E-02
         367.4628        1.567056E-02        1.797081E-02
         369.5157        1.669716E-02        1.916242E-02
         371.5686        2.120227E-02        2.435085E-02
         373.6214        2.374556E-02        2.729219E-02
         375.6743        1.903071E-02        2.188946E-02
         377.7272        1.321288E-02        1.520904E-02
         379.7800        1.093816E-02        1.260005E-02
         381.8329        9.653545E-03        1.112855E-02
         383.8858        8.642360E-03        9.970291E-03
         385.9386        9.805540E-03        1.132063E-02
         387.9915        1.265218E-02        1.461800E-02
         390.0444        1.391902E-02        1.609366E-02
         392.0972        1.194273E-02        1.381888E-02
         394.1501        9.687513E-03        1.121773E-02
         396.2030        1.020795E-02        1.182918E-02
         398.2558        1.140659E-02        1.322802E-02
         400.3087        1.062127E-02        1.232646E-02
         402.3615        9.802770E-03        1.138502E-02
         404.4144        1.051050E-02        1.221605E-02
         406.4673        1.049887E-02        1.221161E-02
         408.5201        8.766426E-03        1.020412E-02
         410.5730        7.890215E-03        9.191037E-03
         412.6259        9.197725E-03        1.072207E-02
         414.6787        9.848091E-03        1.148874E-02
         416.7316        8.681104E-03        1.013486E-02
         418.7845        8.767305E-03        1.024309E-02
         420.8373        1.160714E-02        1.357101E-02
         422.8902        1.838134E-02        2.150733E-02
         424.9431        2.811323E-02        3.291864E-02
         426.9959        3.092226E-02        3.623465E-02
         429.0488        2.275010E-02        2.667829E-02
         431.1017        1.377355E-02        1.616376E-02
         433.1545        9.665519E-03        1.135124E-02
         435.2074        8.221881E-03        9.662971E-03
         437.2603        8.768784E-03        1.031336E-02
         439.3131        9.950462E-03        1.171185E-02
         441.3660        1.041561E-02        1.226841E-02
         443.4189        1.138581E-02        1.342112E-02
         445.4717        1.365881E-02        1.611234E-02
         447.5246        1.555290E-02        1.836022E-02
         449.5774        1.572405E-02        1.857599E-02
         451.6303        1.675389E-02        1.980724E-02
         453.6832        1.995859E-02        2.361342E-02
         455.7360        2.218270E-02        2.626419E-02
         457.7889        2.143125E-02        2.539321E-02
         459.8418        1.817471E-02        2.155054E-02
         461.8946        1.406016E-02        1.668404E-02
         463.9475        1.058699E-02        1.257198E-02
         466.0004        8.190530E-03        9.733372E-03
         468.0532        7.384858E-03        8.782407E-03
         470.1061        7.008690E-03        8.341195E-03
         472.1590        5.929972E-03        7.062589E-03
         474.2118        5.429908E-03        6.471777E-03
         476.2647        6.451650E-03        7.695231E-03
         478.3176        9.480462E-03        1.131618E-02
         480.3704        1.271447E-02        1.518757E-02
         482.4233        1.321352E-02        1.579530E-02
         484.4762        1.285762E-02        1.538117E-02
         486.5290        1.342954E-02        1.607716E-02
         488.5819        1.387838E-02        1.662671E-02
         490.6347        1.587333E-02        1.903069E-02
         492.6876        1.944919E-02        2.333495E-02
         494.7405        2.073628E-02        2.489747E-02
         496.7933        1.929828E-02        2.318792E-02
         498.8462        1.707477E-02        2.053132E-02
         500.8991        1.629797E-02        1.961166E-02
         502.9519        2.121640E-02        2.554882E-02
         505.0048        2.859093E-02        3.445452E-02
         507.0577        2.830805E-02        3.413863E-02
         509.1105        2.107312E-02        2.543216E-02
         511.1634        1.483781E-02        1.792019E-02
         513.2163        1.242347E-02        1.501530E-02
         515.2691        1.423244E-02        1.721425E-02
         517.3220        1.634959E-02        1.978945E-02
         519.3749        1.345149E-02        1.629353E-02
         521.4277        8.869527E-03        1.075135E-02
         523.4806        6.911224E-03        8.383690E-03
         525.5335        5.832643E-03        7.080490E-03
         527.5863        4.590793E-03        5.577032E-03
         529.6392        4.192526E-03        5.096930E-03
         531.6920        5.095895E-03        6.199700E-03
         533.7449        6.843008E-03        8.331334E-03
         535.7978        7.573330E-03        9.227234E-03
         537.8506        6.517859E-03        7.947064E-03
         539.9035        5.963069E-03        7.275931E-03
         541.9564        7.376951E-03        9.007672E-03
         544.0092        8.576584E-03        1.048013E-02
         546.0621        7.529797E-03        9.207727E-03
         548.1150        5.645921E-03        6.909087E-03
         550.1678        5.249964E-03        6.429227E-03
         552.2207        6.665054E-03        8.168128E-03
         554.2736        8.329541E-03        1.021542E-02
         556.3264        8.305037E-03        1.019279E-02
         558.3793        6.412607E-03        7.875939E-03
         560.4322        4.342024E-03        5.336740E-03
         562.4850        3.310328E-03        4.071655E-03
         564.5379        3.414103E-03        4.202353E-03
         566.5908        3.948314E-03        4.863438E-03
         568.6436        3.681812E-03        4.538466E-03
         570.6965        2.693356E-03        3.322438E-03
         572.7493        2.056698E-03        2.538922E-03
         574.8022        1.812418E-03        2.238992E-03
         576.8551        1.743876E-03        2.155884E-03
         578.9079        1.880142E-03        2.326032E-03
         580.9608        1.938668E-03        2.400180E-03
         583.0137        1.980880E-03        2.454219E-03
         585.0665        2.139345E-03        2.652474E-03
         587.1194        2.355088E-03        2.922082E-03
         589.1723        2.926544E-03        3.633752E-03
         591.2251        3.835667E-03        4.766021E-03
         593.2780        5.145010E-03        6.397584E-03
         595.3309        8.112059E-03        1.009428E-02
         597.3837        1.290364E-02        1.606834E-02
         599.4366        1.645662E-02        2.050756E-02
         601.4895        1.584146E-02        1.975527E-02
         603.5423        1.204880E-02        1.503647E-02
         605.5952        8.278183E-03        1.033835E-02
         607.6481        6.884478E-03        8.604017E-03
         609.7009        7.553770E-03        9.447306E-03
         611.7538        7.590477E-03        9.500080E-03
         613.8066        7.180638E-03        8.993630E-03
         615.8595        8.830013E-03        1.106744E-02
         617.9124        1.019584E-02        1.278858E-02
         619.9652        9.109996E-03        1.143487E-02
         622.0181        9.314300E-03        1.169975E-02
         624.0710        1.168316E-02        1.468589E-02
         626.1238        1.210078E-02        1.522181E-02
         628.1767        9.483745E-03        1.193840E-02
         630.2296        6.318681E-03        7.959868E-03
         632.2824        4.515188E-03        5.692045E-03
         634.3353        4.379338E-03        5.524766E-03
         636.3882        5.171107E-03        6.528326E-03
         638.4410        5.396632E-03        6.817951E-03
         640.4939        4.901352E-03        6.196688E-03
         642.5468        5.597753E-03        7.082230E-03
         644.5996        6.783130E-03        8.588138E-03
         646.6525        5.954431E-03        7.544345E-03
         648.7054        4.230788E-03        5.364323E-03
         650.7582        3.277030E-03        4.158018E-03
         652.8111        2.685863E-03        3.410373E-03
         654.8640        2.527373E-03        3.211437E-03
         656.9168        2.588770E-03        3.291815E-03
         658.9697        2.458053E-03        3.127845E-03
         661.0225        2.753724E-03        3.506599E-03
         663.0754        3.437372E-03        4.380301E-03
         665.1283        4.001959E-03        5.103425E-03
         667.1811        4.775905E-03        6.094756E-03
         669.2340        5.795632E-03        7.401383E-03
         671.2869        6.304187E-03        8.056614E-03
         673.3397        5.812007E-03        7.432945E-03
         675.3926        4.629779E-03        5.925244E-03
         677.4455        3.828719E-03        4.903549E-03
         679.4983        4.096605E-03        5.250398E-03
         681.5512        4.392599E-03        5.633789E-03
         683.6041        3.776817E-03        4.847478E-03
         685.6569        3.198420E-03        4.108054E-03
         687.7098        3.424518E-03        4.401602E-03
         689.7627        4.102671E-03        5.277018E-03
         691.8155        5.023118E-03        6.465554E-03
         693.8684        5.719647E-03        7.367363E-03
         695.9213        5.496032E-03        7.084389E-03
         697.9741        4.848392E-03        6.254046E-03
         700.0270        4.808144E-03        6.206560E-03
         702.0798        5.131547E-03        6.628754E-03
         704.1327        4.875247E-03        6.302170E-03
         706.1856        4.019631E-03        5.199834E-03
         708.2384        3.477313E-03        4.501497E-03
         710.2913        4.138839E-03        5.361687E-03
         712.3442        5.685672E-03        7.370795E-03
         714.3970        6.501618E-03        8.434580E-03
         716.4499        5.841242E-03        7.583273E-03
         718.5028        4.855863E-03        6.308517E-03
         720.5556        4.574881E-03        5.947712E-03
         722.6085        4.589455E-03        5.970908E-03
         724.6614        4.811920E-03        6.264794E-03
         726.7142        6.681521E-03        8.705079E-03
         728.7671        1.001143E-02        1.305276E-02
         730.8200        1.142075E-02        1.490081E-02
         732.8728        9.478135E-03        1.237504E-02
         734.9257        6.749369E-03        8.818519E-03
         736.9786        4.901506E-03        6.408710E-03
         739.0314        3.572437E-03        4.674273E-03
         741.0843        2.911561E-03        3.812271E-03
         743.1371        2.949633E-03        3.864864E-03
         745.1900        3.083057E-03        4.042556E-03
         747.2429        3.360223E-03        4.409108E-03
         749.2957        4.031045E-03        5.293077E-03
         751.3486        4.676718E-03        6.145253E-03
         753.4015        5.492745E-03        7.222638E-03
         755.4543        7.015085E-03        9.230966E-03
         757.5072        7.535436E-03        9.922710E-03
         759.5601        5.924178E-03        7.806522E-03
         761.6129        4.798102E-03        6.327127E-03
         763.6658        4.959186E-03        6.544175E-03
         765.7187        4.273844E-03        5.643786E-03
         767.7715        3.219372E-03        4.254321E-03
         769.8244        2.952651E-03        3.904617E-03
         771.8773        3.222284E-03        4.264196E-03
         773.9301        4.236028E-03        5.609694E-03
         775.9830        4.917589E-03        6.516876E-03
         778.0359        4.130368E-03        5.477505E-03
         780.0887        3.196768E-03        4.242403E-03
         782.1416        2.857226E-03        3.794478E-03
         784.1944        2.641767E-03        3.510820E-03
         786.2473        2.684427E-03        3.570031E-03
         788.3002        2.775402E-03        3.693625E-03
         790.3530        2.490012E-03        3.316154E-03
         792.4059        2.279086E-03        3.037386E-03
         794.4588        2.469919E-03        3.294035E-03
         796.5116        2.507533E-03        3.346557E-03
         798.5645        2.457901E-03        3.282629E-03
         800.6174        3.174023E-03        4.242026E-03
         802.6702        3.982195E-03        5.325882E-03
         804.7231        3.549431E-03        4.750436E-03
         806.7760        2.465244E-03        3.301720E-03
         808.8288        1.853821E-03        2.484584E-03
         810.8817        1.679159E-03        2.252077E-03
         812.9346        1.619683E-03        2.173836E-03
         814.9874        1.700150E-03        2.283438E-03
         817.0403        1.893980E-03        2.545554E-03
         819.0932        1.901957E-03        2.558073E-03
         821.1460        1.794090E-03        2.414690E-03
         823.1989        1.833652E-03        2.469671E-03
         825.2517        1.744353E-03        2.351046E-03
         827.3046        1.544715E-03        2.083435E-03
         829.3575        1.668542E-03        2.252026E-03
         831.4103        2.323985E-03        3.138875E-03
         833.4632        3.625973E-03        4.900832E-03
         835.5161        4.757764E-03        6.435058E-03
         837.5689        4.566708E-03        6.180976E-03
         839.6218        3.617724E-03        4.899971E-03
         841.6747        3.012806E-03        4.083507E-03
         843.7275        2.759156E-03        3.742333E-03
         845.7804        2.711885E-03        3.680794E-03
         847.8333        3.028796E-03        4.113808E-03
         849.8861        3.560123E-03        4.838857E-03
         851.9390        3.896566E-03        5.299848E-03
         853.9919        3.850495E-03        5.240849E-03
         856.0447        3.436558E-03        4.680715E-03
         858.0976        2.731924E-03        3.723579E-03
         860.1505        2.098922E-03        2.862804E-03
         862.2033        2.018929E-03        2.755621E-03
         864.2562        2.498581E-03        3.412676E-03
         866.3091        3.071335E-03        4.197898E-03
         868.3619        3.302759E-03        4.517360E-03
         870.4148        2.946176E-03        4.032453E-03
         872.4676        2.288141E-03        3.133980E-03
         874.5205        2.103925E-03        2.883675E-03
         876.5734        2.237969E-03        3.069537E-03
         878.6262        1.956820E-03        2.685791E-03
         880.6791        1.616365E-03        2.220052E-03
         882.7320        1.567295E-03        2.154155E-03
         884.7848        1.411724E-03        1.941683E-03
         886.8377        1.319206E-03        1.815697E-03
         888.8906        1.550713E-03        2.135818E-03
         890.9434        1.628266E-03        2.244193E-03
         892.9963        1.434002E-03        1.977819E-03
         895.0492        1.501400E-03        2.072216E-03
         897.1020        1.882747E-03        2.600354E-03
         899.1549        2.089847E-03        2.888395E-03
         901.2078        1.865081E-03        2.579535E-03
         903.2606        1.363143E-03        1.886630E-03
         905.3135        9.801558E-04        1.357506E-03
         907.3664        8.802166E-04        1.219937E-03
         909.4192        9.741181E-04        1.351017E-03
         911.4721        1.291747E-03        1.792783E-03
         913.5249        1.604803E-03        2.228811E-03
         915.5778        1.756687E-03        2.441445E-03
         917.6307        2.009603E-03        2.794883E-03
         919.6835        2.075319E-03        2.888277E-03
         921.7364        1.698474E-03        2.365451E-03
         923.7893        1.504822E-03        2.097203E-03
         925.8421        1.650825E-03        2.302274E-03
         927.8950        1.681229E-03        2.346300E-03
         929.9479        1.614001E-03        2.254035E-03
         932.0007        1.517370E-03        2.120550E-03
         934.0536        1.339448E-03        1.873197E-03
         936.1065        1.401115E-03        1.960791E-03
         938.1593        1.704084E-03        2.386430E-03
         940.2122        1.766925E-03        2.476143E-03
         942.2651        1.883899E-03        2.641892E-03
         944.3179        2.530787E-03        3.551508E-03
         946.3708        2.851572E-03        4.004435E-03
         948.4237        2.318370E-03        3.257910E-03
         950.4765        1.901591E-03        2.674072E-03
         952.5294        1.849473E-03        2.602575E-03
         954.5822        1.534046E-03        2.160196E-03
         956.6351        1.111769E-03        1.566638E-03
         958.6880        9.822271E-04        1.385049E-03
         960.7408        1.185054E-03        1.672208E-03
         962.7937        1.528578E-03        2.158434E-03
         964.8466        1.690403E-03        2.388583E-03
         966.8994        1.763338E-03        2.493357E-03
         968.9523        2.065686E-03        2.922887E-03
         971.0052        2.353578E-03        3.332537E-03
         973.0580        2.103450E-03        2.980418E-03
         975.1109        1.641638E-03        2.327667E-03
         977.1638        1.585918E-03        2.250207E-03
         979.2166        1.553691E-03        2.205996E-03
         981.2695        1.392224E-03        1.978096E-03
         983.3224        1.530692E-03        2.176327E-03
         985.3752        1.623423E-03        2.309757E-03
         987.4281        1.335210E-03        1.900999E-03
         989.4810        9.641654E-04        1.373668E-03
         991.5338        7.606611E-04        1.084474E-03
         993.5867        7.472628E-04        1.066103E-03
         995.6395        8.490968E-04        1.212218E-03
         997.6924        1.038826E-03        1.484102E-03
         999.7453        1.230495E-03        1.759131E-03
        1001.7981        1.668926E-03        2.387552E-03
        1003.8510        2.510767E-03        3.594342E-03
        1005.9039        3.032332E-03        4.343971E-03
        1007.9567        2.927932E-03        4.197282E-03
        1010.0096        2.522840E-03        3.619044E-03
        1012.0625        2.245492E-03        3.223389E-03
        1014.1153        2.531016E-03        3.635741E-03
        1016.1682        2.660669E-03        3.824597E-03
        1018.2211        2.149018E-03        3.091232E-03
        1020.2739        1.891872E-03        2.723202E-03
        1022.3268        2.386473E-03        3.437486E-03
        1024.3797        3.456339E-03        4.981925E-03
        1026.4325        4.082890E-03        5.889045E-03
        1028.4854        3.362872E-03        4.853822E-03
        1030.5383        2.368537E-03        3.420974E-03
        1032.5911        2.019643E-03        2.919042E-03
        1034.6440        1.894899E-03        2.740613E-03
        1036.6968        1.889133E-03        2.734136E-03
        1038.7497        1.980457E-03        2.868262E-03
        1040.8026        1.915464E-03        2.776023E-03
        1042.8554        2.048257E-03        2.970497E-03
        1044.9083        2.737190E-03        3.972328E-03
        1046.9612        3.194118E-03        4.638597E-03
        1049.0140        2.920921E-03        4.244737E-03
        1051.0669        2.641694E-03        3.841571E-03
        1053.1198        2.469826E-03        3.594080E-03
        1055.1726        2.521517E-03        3.671796E-03
        1057.2255        3.309187E-03        4.822064E-03
        1059.2784        3.658384E-03        5.334526E-03
        1061.3312        2.803135E-03        4.090209E-03
        1063.3841        1.999951E-03        2.920220E-03
        1065.4370        1.767810E-03        2.583012E-03
        1067.4898        1.762595E-03        2.577141E-03
        1069.5427        1.778788E-03        2.602581E-03
        1071.5956        1.471058E-03        2.153795E-03
        1073.6484        9.954405E-04        1.458425E-03
        1075.7013        7.109226E-04        1.042282E-03
        1077.7542        5.772981E-04        8.469491E-04
        1079.8070        5.370599E-04        7.884496E-04
        1081.8599        5.836849E-04        8.574794E-04
        1083.9127        7.348945E-04        1.080349E-03
        1085.9656        9.690625E-04        1.425558E-03
        1088.0185        1.330479E-03        1.958550E-03
        1090.0713        1.679860E-03        2.474534E-03
        1092.1242        1.676098E-03        2.470662E-03
        1094.1771        1.837875E-03        2.710962E-03
        1096.2299        2.357607E-03        3.479943E-03
        1098.2828        2.199566E-03        3.248860E-03
        1100.3357        1.483995E-03        2.193410E-03
        1102.3885        1.101611E-03        1.629329E-03
        1104.4414        9.075989E-04        1.343283E-03
        1106.4943        7.581538E-04        1.122855E-03
        1108.5471        7.833058E-04        1.160889E-03
        1110.6000        9.058770E-04        1.343450E-03
        1112.6529        1.006616E-03        1.493856E-03
        1114.7057        9.763521E-04        1.449920E-03
        1116.7586        1.029999E-03        1.530617E-03
        1118.8115        1.407190E-03        2.092547E-03
        1120.8643        2.022524E-03        3.009598E-03
        1122.9172        2.613655E-03        3.891843E-03
        1124.9700        2.672385E-03        3.981973E-03
        1127.0229        2.116307E-03        3.155513E-03
        1129.0758        1.554352E-03        2.319171E-03
        1131.1286        1.386546E-03        2.070187E-03
        1133.1815        1.561110E-03        2.332388E-03
        1135.2344        1.695372E-03        2.534685E-03
        1137.2872        1.452918E-03        2.173661E-03
        1139.3401        1.148200E-03        1.718936E-03
        1141.3930        1.194860E-03        1.789991E-03
        1143.4458        1.560060E-03        2.338657E-03
        1145.4987        2.059820E-03        3.089910E-03
        1147.5516        2.407276E-03        3.613547E-03
        1149.6044        2.404092E-03        3.611187E-03
        1151.6573        2.098393E-03        3.154110E-03
        1153.7102        1.599586E-03        2.405961E-03
        1155.7630        1.178101E-03        1.773187E-03
        1157.8159        9.998364E-04        1.505885E-03
        1159.8688        9.097171E-04        1.371071E-03
        1161.9216        9.139835E-04        1.378423E-03
        1163.9745        1.127500E-03        1.701576E-03
        1166.0273        1.445415E-03        2.182820E-03
        1168.0802        1.732537E-03        2.618171E-03
        1170.1331        1.941118E-03        2.935335E-03
        1172.1859        2.030209E-03        3.072110E-03
        1174.2388        2.082584E-03        3.153471E-03
        1176.2917        2.359001E-03        3.574410E-03
        1178.3445        2.934647E-03        4.449612E-03
        1180.3974        3.742980E-03        5.679023E-03
        1182.4503        4.653220E-03        7.064794E-03
        1184.5031        4.906586E-03        7.454441E-03
        1186.5560        4.046348E-03        6.151606E-03
        1188.6089        3.142540E-03        4.780746E-03
        1190.6617        3.011485E-03        4.584426E-03
        1192.7146        2.849176E-03        4.340231E-03
        1194.7675        2.188367E-03        3.335824E-03
        1196.8203        1.845618E-03        2.815231E-03
        1198.8732        2.039748E-03        3.113420E-03
