  Freq. (cm^{-1})             VDOS-Li             VDOS-F             VDOS-all
           2.0529        6.513749E-06        2.405491E-06        8.919240E-06
           4.1057        6.489542E-06        2.396552E-06        8.886094E-06
           6.1586        6.578166E-06        2.429278E-06        9.007444E-06
           8.2115        6.546509E-06        2.417589E-06        8.964097E-06
          10.2643        6.480910E-06        2.393369E-06        8.874279E-06
          12.3172        6.558453E-06        2.422010E-06        8.980463E-06
          14.3701        6.577112E-06        2.428901E-06        9.006012E-06
          16.4229        6.491499E-06        2.397282E-06        8.888782E-06
          18.4758        6.533676E-06        2.412855E-06        8.946530E-06
          20.5287        6.597489E-06        2.436419E-06        9.033907E-06
          22.5815        6.519696E-06        2.407689E-06        8.927385E-06
          24.6344        6.513453E-06        2.405381E-06        8.918834E-06
          26.6872        6.603116E-06        2.438491E-06        9.041607E-06
          28.7401        6.558904E-06        2.422164E-06        8.981067E-06
          30.7930        6.506687E-06        2.402880E-06        8.909568E-06
          32.8458        6.594767E-06        2.435407E-06        9.030173E-06
          34.8987        6.599703E-06        2.437230E-06        9.036933E-06
          36.9516        6.518823E-06        2.407361E-06        8.926184E-06
          39.0044        6.578359E-06        2.429343E-06        9.007701E-06
          41.0573        6.632825E-06        2.449456E-06        9.082281E-06
          43.1102        6.550119E-06        2.418916E-06        8.969034E-06
          45.1630        6.563079E-06        2.423701E-06        8.986780E-06
          47.2159        6.651958E-06        2.456521E-06        9.108480E-06
          49.2688        6.595478E-06        2.435667E-06        9.031145E-06
          51.3216        6.558619E-06        2.422060E-06        8.980679E-06
          53.3745        6.655878E-06        2.457975E-06        9.113853E-06
          55.4274        6.646039E-06        2.454340E-06        9.100379E-06
          57.4802        6.572119E-06        2.427043E-06        8.999162E-06
          59.5331        6.648841E-06        2.455375E-06        9.104216E-06
          61.5860        6.691866E-06        2.471262E-06        9.163129E-06
          63.6388        6.605900E-06        2.439516E-06        9.045416E-06
          65.6917        6.639362E-06        2.451871E-06        9.091233E-06
          67.7445        6.725063E-06        2.483516E-06        9.208579E-06
          69.7974        6.656663E-06        2.458259E-06        9.114922E-06
          71.8503        6.637625E-06        2.451233E-06        9.088858E-06
          73.9031        6.742288E-06        2.489884E-06        9.232173E-06
          75.9560        6.716428E-06        2.480333E-06        9.196760E-06
          78.0089        6.652336E-06        2.456664E-06        9.109000E-06
          80.0617        6.745894E-06        2.491214E-06        9.237107E-06
          82.1146        6.774911E-06        2.501929E-06        9.276840E-06
          84.1675        6.687942E-06        2.469818E-06        9.157760E-06
          86.2203        6.743345E-06        2.490288E-06        9.233633E-06
          88.2732        6.822797E-06        2.519632E-06        9.342429E-06
          90.3261        6.743227E-06        2.490243E-06        9.233470E-06
          92.3789        6.744983E-06        2.490887E-06        9.235870E-06
          94.4318        6.854572E-06        2.531355E-06        9.385927E-06
          96.4847        6.811474E-06        2.515440E-06        9.326913E-06
          98.5375        6.760871E-06        2.496755E-06        9.257625E-06
         100.5904        6.870419E-06        2.537212E-06        9.407630E-06
         102.6433        6.882493E-06        2.541671E-06        9.424164E-06
         104.6961        6.797674E-06        2.510348E-06        9.308022E-06
         106.7490        6.876311E-06        2.539390E-06        9.415700E-06
         108.8018        6.945692E-06        2.565012E-06        9.510704E-06
         110.8547        6.856472E-06        2.532060E-06        9.388531E-06
         112.9076        6.882334E-06        2.541605E-06        9.423939E-06
         114.9604        6.993422E-06        2.582627E-06        9.576049E-06
         117.0133        6.932294E-06        2.560053E-06        9.492347E-06
         119.0662        6.899661E-06        2.548004E-06        9.447665E-06
         121.1190        7.023425E-06        2.593710E-06        9.617135E-06
         123.1719        7.015460E-06        2.590770E-06        9.606230E-06
         125.2248        6.937094E-06        2.561826E-06        9.498920E-06
         127.2776        7.039737E-06        2.599723E-06        9.639460E-06
         129.3305        7.094511E-06        2.619947E-06        9.714457E-06
         131.3834        6.998316E-06        2.584428E-06        9.582744E-06
         133.4362        7.051657E-06        2.604133E-06        9.655789E-06
         135.4891        7.159671E-06        2.644023E-06        9.803694E-06
         137.5420        7.080526E-06        2.614794E-06        9.695320E-06
         139.5948        7.071042E-06        2.611289E-06        9.682331E-06
         141.6477        7.206003E-06        2.661126E-06        9.867128E-06
         143.7006        7.175139E-06        2.649728E-06        9.824867E-06
         145.7534        7.108759E-06        2.625218E-06        9.733977E-06
         147.8063        7.235148E-06        2.671895E-06        9.907043E-06
         149.8591        7.270249E-06        2.684856E-06        9.955106E-06
         151.9120        7.171253E-06        2.648294E-06        9.819547E-06
         153.9649        7.255042E-06        2.679232E-06        9.934274E-06
         156.0177        7.354217E-06        2.715856E-06        1.007007E-05
         158.0706        7.258416E-06        2.680482E-06        9.938897E-06
         160.1235        7.277716E-06        2.687614E-06        9.965330E-06
         162.1763        7.419290E-06        2.739895E-06        1.015919E-05
         164.2292        7.363388E-06        2.719250E-06        1.008264E-05
         166.2821        7.315783E-06        2.701671E-06        1.001745E-05
         168.3349        7.464204E-06        2.756482E-06        1.022069E-05
         170.3878        7.474426E-06        2.760256E-06        1.023468E-05
         172.4407        7.378549E-06        2.724853E-06        1.010340E-05
         174.4935        7.494837E-06        2.767803E-06        1.026264E-05
         176.5464        7.578353E-06        2.798646E-06        1.037700E-05
         178.5993        7.469048E-06        2.758279E-06        1.022733E-05
         180.6521        7.522747E-06        2.778110E-06        1.030086E-05
         182.7050        7.664617E-06        2.830501E-06        1.049512E-05
         184.7579        7.582863E-06        2.800307E-06        1.038317E-05
         186.8107        7.561838E-06        2.792540E-06        1.035438E-05
         188.8636        7.728640E-06        2.854137E-06        1.058278E-05
         190.9164        7.709169E-06        2.846948E-06        1.055612E-05
         192.9693        7.624201E-06        2.815574E-06        1.043978E-05
         195.0222        7.773512E-06        2.870718E-06        1.064423E-05
         197.0750        7.833817E-06        2.892989E-06        1.072681E-05
         199.1279        7.716393E-06        2.849627E-06        1.056602E-05
         201.1808        7.809492E-06        2.884009E-06        1.069350E-05
         203.2336        7.943609E-06        2.933536E-06        1.087715E-05
         205.2865        7.837154E-06        2.894220E-06        1.073137E-05
         207.3394        7.851104E-06        2.899370E-06        1.075047E-05
         209.3922        8.030343E-06        2.965563E-06        1.099591E-05
         211.4451        7.977463E-06        2.946034E-06        1.092350E-05
         213.4980        7.912973E-06        2.922215E-06        1.083519E-05
         215.5508        8.093649E-06        2.988934E-06        1.108258E-05
         217.6037        8.122996E-06        2.999771E-06        1.112277E-05
         219.6566        8.005370E-06        2.956336E-06        1.096171E-05
         221.7094        8.141502E-06        3.006614E-06        1.114812E-05
         223.7623        8.258297E-06        3.049746E-06        1.130804E-05
         225.8152        8.130896E-06        3.002695E-06        1.113359E-05
         227.8680        8.188182E-06        3.023850E-06        1.121203E-05
         229.9209        8.371427E-06        3.091523E-06        1.146295E-05
         231.9738        8.283325E-06        3.058988E-06        1.134231E-05
         234.0266        8.250336E-06        3.046804E-06        1.129714E-05
         236.0795        8.457971E-06        3.123482E-06        1.158145E-05
         238.1323        8.449190E-06        3.120239E-06        1.156943E-05
         240.1852        8.341927E-06        3.080624E-06        1.142255E-05
         242.2381        8.522545E-06        3.147319E-06        1.166986E-05
         244.2909        8.611415E-06        3.180136E-06        1.179155E-05
         246.3438        8.469990E-06        3.127911E-06        1.159790E-05
         248.3967        8.578125E-06        3.167845E-06        1.174597E-05
         250.4495        8.754515E-06        3.232985E-06        1.198750E-05
         252.5024        8.632133E-06        3.187793E-06        1.181993E-05
         254.5553        8.642469E-06        3.191614E-06        1.183408E-05
         256.6081        8.869405E-06        3.275423E-06        1.214483E-05
         258.6610        8.816854E-06        3.256016E-06        1.207287E-05
         260.7139        8.733016E-06        3.225052E-06        1.195807E-05
         262.7667        8.956517E-06        3.307585E-06        1.226410E-05
         264.8196        9.006582E-06        3.326073E-06        1.233265E-05
         266.8725        8.861612E-06        3.272538E-06        1.213415E-05
         268.9253        9.026206E-06        3.333323E-06        1.235953E-05
         270.9782        9.182731E-06        3.391128E-06        1.257386E-05
         273.0311        9.030675E-06        3.334973E-06        1.236565E-05
         275.0839        9.096213E-06        3.359172E-06        1.245539E-05
         277.1368        9.331380E-06        3.446016E-06        1.277740E-05
         279.1896        9.232043E-06        3.409334E-06        1.264138E-05
         281.2425        9.186729E-06        3.392603E-06        1.257933E-05
         283.2954        9.447721E-06        3.488986E-06        1.293671E-05
         285.3482        9.448876E-06        3.489412E-06        1.293829E-05
         287.4011        9.314508E-06        3.439790E-06        1.275430E-05
         289.4540        9.538178E-06        3.522386E-06        1.306056E-05
         291.5068        9.660394E-06        3.567518E-06        1.322791E-05
         293.5597        9.487616E-06        3.503716E-06        1.299133E-05
         295.6126        9.619021E-06        3.552246E-06        1.317127E-05
         297.6654        9.847938E-06        3.636783E-06        1.348472E-05
         299.7183        9.702622E-06        3.583122E-06        1.328574E-05
         301.7712        9.712163E-06        3.586656E-06        1.329882E-05
         303.8240        1.000083E-05        3.693266E-06        1.369410E-05
         305.8769        9.945051E-06        3.672661E-06        1.361771E-05
         307.9298        9.838901E-06        3.633452E-06        1.347235E-05
         309.9826        1.012012E-05        3.737299E-06        1.385742E-05
         312.0355        1.019317E-05        3.764276E-06        1.395745E-05
         314.0884        1.001352E-05        3.697938E-06        1.371146E-05
         316.1412        1.021896E-05        3.773809E-06        1.399277E-05
         318.1941        1.042422E-05        3.849613E-06        1.427384E-05
         320.2469        1.023871E-05        3.781103E-06        1.401981E-05
         322.2998        1.031948E-05        3.810929E-06        1.413041E-05
         324.3527        1.062129E-05        3.922390E-06        1.454368E-05
         326.4055        1.050413E-05        3.879121E-06        1.438325E-05
         328.4584        1.044669E-05        3.857907E-06        1.430459E-05
         330.5113        1.077877E-05        3.980548E-06        1.475932E-05
         332.5641        1.078883E-05        3.984262E-06        1.477309E-05
         334.6170        1.062125E-05        3.922365E-06        1.454361E-05
         336.6699        1.090485E-05        4.027090E-06        1.493194E-05
         338.7227        1.106706E-05        4.086993E-06        1.515405E-05
         340.7756        1.085310E-05        4.007980E-06        1.486108E-05
         342.8285        1.101996E-05        4.069593E-06        1.508955E-05
         344.8813        1.131576E-05        4.178828E-06        1.549459E-05
         346.9342        1.113794E-05        4.113167E-06        1.525111E-05
         348.9871        1.115142E-05        4.118153E-06        1.526958E-05
         351.0399        1.152169E-05        4.254892E-06        1.577658E-05
         353.0928        1.145772E-05        4.231269E-06        1.568899E-05
         355.1457        1.132593E-05        4.182601E-06        1.550853E-05
         357.1985        1.168627E-05        4.315673E-06        1.600194E-05
         359.2514        1.178542E-05        4.352288E-06        1.613771E-05
         361.3042        1.156148E-05        4.269586E-06        1.583107E-05
         363.3571        1.182596E-05        4.367251E-06        1.619321E-05
         365.4100        1.209257E-05        4.465707E-06        1.655828E-05
         367.4628        1.186163E-05        4.380427E-06        1.624206E-05
         369.5157        1.196850E-05        4.419900E-06        1.638840E-05
         371.5686        1.235788E-05        4.563697E-06        1.692158E-05
         373.6214        1.221369E-05        4.510444E-06        1.672413E-05
         375.6743        1.214544E-05        4.485240E-06        1.663068E-05
         377.7272        1.257413E-05        4.643551E-06        1.721768E-05
         379.7800        1.259156E-05        4.649985E-06        1.724154E-05
         381.8329        1.238310E-05        4.573000E-06        1.695610E-05
         383.8858        1.275141E-05        4.709011E-06        1.746042E-05
         385.9386        1.296288E-05        4.787105E-06        1.774999E-05
         387.9915        1.269448E-05        4.687992E-06        1.738247E-05
         390.0444        1.291526E-05        4.769533E-06        1.768480E-05
         392.0972        1.329836E-05        4.911009E-06        1.820937E-05
         394.1501        1.307477E-05        4.828437E-06        1.790321E-05
         396.2030        1.310041E-05        4.837897E-06        1.793831E-05
         398.2558        1.358098E-05        5.015363E-06        1.859634E-05
         400.3087        1.350174E-05        4.986103E-06        1.848785E-05
         402.3615        1.334093E-05        4.926720E-06        1.826765E-05
         404.4144        1.381184E-05        5.100625E-06        1.891247E-05
         406.4673        1.394134E-05        5.148449E-06        1.908979E-05
         408.5201        1.366043E-05        5.044719E-06        1.870515E-05
         410.5730        1.401142E-05        5.174350E-06        1.918577E-05
         412.6259        1.435735E-05        5.302100E-06        1.965945E-05
         414.6787        1.406446E-05        5.193929E-06        1.925839E-05
         416.7316        1.421483E-05        5.249453E-06        1.946429E-05
         418.7845        1.472212E-05        5.436787E-06        2.015890E-05
         420.8373        1.453783E-05        5.368731E-06        1.990656E-05
         422.8902        1.446258E-05        5.340943E-06        1.980352E-05
         424.9431        1.502556E-05        5.548848E-06        2.057441E-05
         426.9959        1.504797E-05        5.557125E-06        2.060509E-05
         429.0488        1.478918E-05        5.461558E-06        2.025074E-05
         431.1017        1.527960E-05        5.642666E-06        2.092227E-05
         433.1545        1.555358E-05        5.743845E-06        2.129743E-05
         435.2074        1.521270E-05        5.617960E-06        2.083066E-05
         437.2603        1.551645E-05        5.730132E-06        2.124658E-05
         439.3131        1.601666E-05        5.914856E-06        2.193151E-05
         441.3660        1.572852E-05        5.808448E-06        2.153696E-05
         443.4189        1.578063E-05        5.827697E-06        2.160833E-05
         445.4717        1.641417E-05        6.061659E-06        2.247582E-05
         447.5246        1.630936E-05        6.022954E-06        2.233231E-05
         449.5774        1.611692E-05        5.951884E-06        2.206881E-05
         451.6303        1.674616E-05        6.184258E-06        2.293042E-05
         453.6832        1.691206E-05        6.245524E-06        2.315759E-05
         455.7360        1.655741E-05        6.114554E-06        2.267197E-05
         457.7889        1.703779E-05        6.291952E-06        2.332974E-05
         459.8418        1.748951E-05        6.458770E-06        2.394828E-05
         461.8946        1.711143E-05        6.319148E-06        2.343058E-05
         463.9475        1.733398E-05        6.401335E-06        2.373532E-05
         466.0004        1.800472E-05        6.649032E-06        2.465375E-05
         468.0532        1.776144E-05        6.559193E-06        2.432064E-05
         470.1061        1.768794E-05        6.532052E-06        2.421999E-05
         472.1590        1.844282E-05        6.810824E-06        2.525364E-05
         474.2118        1.846666E-05        6.819626E-06        2.528628E-05
         476.2647        1.814629E-05        6.701316E-06        2.484761E-05
         478.3176        1.881739E-05        6.949145E-06        2.576654E-05
         480.3704        1.917366E-05        7.080710E-06        2.625437E-05
         482.4233        1.873531E-05        6.918835E-06        2.565414E-05
         484.4762        1.916914E-05        7.079053E-06        2.624819E-05
         486.5290        1.983179E-05        7.323766E-06        2.715556E-05
         488.5819        1.945200E-05        7.183511E-06        2.663551E-05
         490.6347        1.955631E-05        7.222035E-06        2.677835E-05
         492.6876        2.040882E-05        7.536862E-06        2.794568E-05
         494.7405        2.026326E-05        7.483109E-06        2.774637E-05
         496.7933        2.003917E-05        7.400367E-06        2.743954E-05
         498.8462        2.090206E-05        7.719042E-06        2.862111E-05
         500.8991        2.111368E-05        7.797190E-06        2.891087E-05
         502.9519        2.066314E-05        7.630792E-06        2.829393E-05
         505.0048        2.134257E-05        7.881693E-06        2.922427E-05
         507.0577        2.194105E-05        8.102707E-06        3.004376E-05
         509.1105        2.144452E-05        7.919341E-06        2.936386E-05
         511.1634        2.178848E-05        8.046368E-06        2.983485E-05
         513.2163        2.269420E-05        8.380851E-06        3.107505E-05
         515.2691        2.236406E-05        8.258930E-06        3.062299E-05
         517.3220        2.231126E-05        8.239427E-06        3.055069E-05
         519.3749        2.335021E-05        8.623102E-06        3.197331E-05
         521.4277        2.337053E-05        8.630606E-06        3.200113E-05
         523.4806        2.297612E-05        8.484947E-06        3.146107E-05
         525.5335        2.392385E-05        8.834926E-06        3.275877E-05
         527.5863        2.439381E-05        9.008483E-06        3.340230E-05
         529.6392        2.382295E-05        8.797675E-06        3.262062E-05
         531.6920        2.446700E-05        9.035534E-06        3.350254E-05
         533.7449        2.536470E-05        9.367055E-06        3.473176E-05
         535.7978        2.485332E-05        9.178199E-06        3.403152E-05
         537.8506        2.505759E-05        9.253619E-06        3.431121E-05
         539.9035        2.623651E-05        9.688981E-06        3.592550E-05
         541.9564        2.602776E-05        9.611891E-06        3.563965E-05
         544.0092        2.577940E-05        9.520172E-06        3.529957E-05
         546.0621        2.700128E-05        9.971403E-06        3.697268E-05
         548.1150        2.727456E-05        1.007233E-05        3.734689E-05
         550.1678        2.669900E-05        9.859784E-06        3.655879E-05
         552.2207        2.769667E-05        1.022822E-05        3.792489E-05
         554.2736        2.850936E-05        1.052834E-05        3.903770E-05
         556.3264        2.784580E-05        1.028329E-05        3.812909E-05
         558.3793        2.840002E-05        1.048796E-05        3.888798E-05
         560.4322        2.965990E-05        1.095323E-05        4.061313E-05
         562.4850        2.920111E-05        1.078380E-05        3.998491E-05
         564.5379        2.921015E-05        1.078711E-05        3.999726E-05
         566.5908        3.068959E-05        1.133344E-05        4.202303E-05
         568.6436        3.070068E-05        1.133754E-05        4.203823E-05
         570.6965        3.022158E-05        1.116063E-05        4.138221E-05
         572.7493        3.161281E-05        1.167440E-05        4.328720E-05
         574.8022        3.225074E-05        1.190998E-05        4.416072E-05
         576.8551        3.149779E-05        1.163193E-05        4.312973E-05
         578.9079        3.249682E-05        1.200088E-05        4.449770E-05
         580.9608        3.375424E-05        1.246524E-05        4.621948E-05
         583.0137        3.305126E-05        1.220563E-05        4.525690E-05
         585.0665        3.344932E-05        1.235263E-05        4.580195E-05
         587.1194        3.514183E-05        1.297767E-05        4.811950E-05
         589.1723        3.483695E-05        1.286508E-05        4.770203E-05
         591.2251        3.459109E-05        1.277427E-05        4.736536E-05
         593.2780        3.639491E-05        1.344040E-05        4.983531E-05
         595.3309        3.676123E-05        1.357568E-05        5.033691E-05
         597.3837        3.602473E-05        1.330371E-05        4.932844E-05
         599.4366        3.755948E-05        1.387050E-05        5.142998E-05
         601.4895        3.870736E-05        1.429440E-05        5.300176E-05
         603.5423        3.780475E-05        1.396107E-05        5.176582E-05
         605.5952        3.874111E-05        1.430684E-05        5.304795E-05
         607.6481        4.056982E-05        1.498216E-05        5.555198E-05
         609.7009        3.991911E-05        1.474187E-05        5.466099E-05
         611.7538        4.008229E-05        1.480216E-05        5.488446E-05
         613.8066        4.228894E-05        1.561708E-05        5.790602E-05
         615.8595        4.228869E-05        1.561699E-05        5.790568E-05
         617.9124        4.172728E-05        1.540966E-05        5.713694E-05
         619.9652        4.387615E-05        1.620322E-05        6.007936E-05
         622.0181        4.478657E-05        1.653943E-05        6.132600E-05
         624.0710        4.378311E-05        1.616886E-05        5.995197E-05
         626.1238        4.542130E-05        1.677384E-05        6.219514E-05
         628.1767        4.727352E-05        1.745786E-05        6.473138E-05
         630.2296        4.628773E-05        1.709380E-05        6.338153E-05
         632.2824        4.707877E-05        1.738592E-05        6.446469E-05
         634.3353        4.964165E-05        1.833237E-05        6.797401E-05
         636.3882        4.919537E-05        1.816756E-05        6.736292E-05
         638.4410        4.903312E-05        1.810764E-05        6.714076E-05
         640.4939        5.185353E-05        1.914921E-05        7.100273E-05
         642.5468        5.238497E-05        1.934546E-05        7.173043E-05
         644.5996        5.145304E-05        1.900131E-05        7.045435E-05
         646.6525        5.396614E-05        1.992938E-05        7.389552E-05
         648.7054        5.569219E-05        2.056680E-05        7.625899E-05
         650.7582        5.444541E-05        2.010638E-05        7.455179E-05
         652.8111        5.613061E-05        2.072873E-05        7.685935E-05
         654.8640        5.895830E-05        2.177299E-05        8.073129E-05
         656.9168        5.802262E-05        2.142744E-05        7.945005E-05
         658.9697        5.856554E-05        2.162792E-05        8.019346E-05
         661.0225        6.208441E-05        2.292741E-05        8.501182E-05
         663.0754        6.209459E-05        2.293117E-05        8.502575E-05
         665.1283        6.150748E-05        2.271435E-05        8.422183E-05
         667.1811        6.507386E-05        2.403138E-05        8.910524E-05
         669.2340        6.648960E-05        2.455421E-05        9.104381E-05
         671.2869        6.515256E-05        2.406046E-05        8.921303E-05
         673.3397        6.805378E-05        2.513187E-05        9.318565E-05
         675.3926        7.100393E-05        2.622135E-05        9.722528E-05
         677.4455        6.960307E-05        2.570401E-05        9.530708E-05
         679.4983        7.126296E-05        2.631697E-05        9.757994E-05
         681.5512        7.546717E-05        2.786955E-05        1.033367E-04
         683.6041        7.483583E-05        2.763641E-05        1.024722E-04
         685.6569        7.500801E-05        2.770002E-05        1.027080E-04
         687.7098        7.980853E-05        2.947283E-05        1.092814E-04
         689.7627        8.070458E-05        2.980373E-05        1.105083E-04
         691.8155        7.959534E-05        2.939410E-05        1.089894E-04
         693.8684        8.410381E-05        3.105906E-05        1.151629E-04
         695.9213        8.697944E-05        3.212101E-05        1.191004E-04
         697.9741        8.525737E-05        3.148506E-05        1.167424E-04
         700.0270        8.859220E-05        3.271658E-05        1.213088E-04
         702.0798        9.342126E-05        3.449992E-05        1.279212E-04
         704.1327        9.209116E-05        3.400872E-05        1.260999E-04
         706.1856        9.364481E-05        3.458247E-05        1.282273E-04
         708.2384        9.986564E-05        3.687978E-05        1.367454E-04
         710.2913        1.000300E-04        3.694048E-05        1.369705E-04
         712.3442        9.970081E-05        3.681892E-05        1.365197E-04
         714.3970        1.063089E-04        3.925928E-05        1.455682E-04
         716.4499        1.088636E-04        4.020268E-05        1.490663E-04
         718.5028        1.071743E-04        3.957886E-05        1.467532E-04
         720.5556        1.129599E-04        4.171545E-05        1.546753E-04
         722.6085        1.183049E-04        4.368933E-05        1.619942E-04
         724.6614        1.163603E-04        4.297118E-05        1.593314E-04
         726.7142        1.202450E-04        4.440580E-05        1.646508E-04
         728.7671        1.280954E-04        4.730488E-05        1.754003E-04
         730.8200        1.273661E-04        4.703555E-05        1.744016E-04
         732.8728        1.287628E-04        4.755134E-05        1.763141E-04
         734.9257        1.381310E-04        5.101098E-05        1.891420E-04
         736.9786        1.400942E-04        5.173597E-05        1.918301E-04
         739.0314        1.391783E-04        5.139774E-05        1.905761E-04
         741.0843        1.485547E-04        5.486036E-05        2.034151E-04
         743.1371        1.542789E-04        5.697426E-05        2.112532E-04
         745.1900        1.521089E-04        5.617291E-05        2.082818E-04
         747.2429        1.598419E-04        5.902868E-05        2.188706E-04
         749.2957        1.696125E-04        6.263689E-05        2.322494E-04
         751.3486        1.680021E-04        6.204219E-05        2.300443E-04
         753.4015        1.727848E-04        6.380841E-05        2.365932E-04
         755.4543        1.858943E-04        6.864969E-05        2.545440E-04
         757.5072        1.870595E-04        6.907998E-05        2.561395E-04
         759.5601        1.884242E-04        6.958399E-05        2.580082E-04
         761.6129        2.032145E-04        7.504599E-05        2.782605E-04
         763.6658        2.092381E-04        7.727045E-05        2.865085E-04
         765.7187        2.079175E-04        7.678276E-05        2.847003E-04
         767.7715        2.221126E-04        8.202496E-05        3.041376E-04
         769.8244        2.343462E-04        8.654274E-05        3.208889E-04
         771.8773        2.323794E-04        8.581643E-05        3.181958E-04
         773.9301        2.436809E-04        8.999003E-05        3.336709E-04
         775.9830        2.622380E-04        9.684306E-05        3.590810E-04
         778.0359        2.627438E-04        9.702987E-05        3.597737E-04
         780.0887        2.695858E-04        9.955656E-05        3.691424E-04
         782.1416        2.930895E-04        1.082363E-04        4.013259E-04
         784.1944        2.997015E-04        1.106781E-04        4.103796E-04
         786.2473        3.020023E-04        1.115278E-04        4.135301E-04
         788.3002        3.277192E-04        1.210249E-04        4.487441E-04
         790.3530        3.437668E-04        1.269512E-04        4.707180E-04
         792.4059        3.434872E-04        1.268479E-04        4.703351E-04
         794.4588        3.679118E-04        1.358677E-04        5.037795E-04
         796.5116        3.955160E-04        1.460618E-04        5.415778E-04
         798.5645        3.968510E-04        1.465548E-04        5.434057E-04
         800.6174        4.167177E-04        1.538914E-04        5.706091E-04
         802.6702        4.560308E-04        1.684095E-04        6.244402E-04
         804.7231        4.651162E-04        1.717647E-04        6.368809E-04
         806.7760        4.787230E-04        1.767896E-04        6.555126E-04
         808.8288        5.275735E-04        1.948298E-04        7.224033E-04
         810.8817        5.516896E-04        2.037357E-04        7.554253E-04
         812.9346        5.603103E-04        2.069193E-04        7.672296E-04
         814.9874        6.144609E-04        2.269169E-04        8.413778E-04
         817.0403        6.608610E-04        2.440522E-04        9.049131E-04
         819.0932        6.701293E-04        2.474749E-04        9.176042E-04
         821.1460        7.244582E-04        2.675384E-04        9.919966E-04
         823.1989        7.990626E-04        2.950894E-04        1.094152E-03
         825.2517        8.199719E-04        3.028110E-04        1.122783E-03
         827.3046        8.705639E-04        3.214943E-04        1.192058E-03
         829.3575        9.769505E-04        3.607822E-04        1.337733E-03
         831.4103        1.026648E-03        3.791354E-04        1.405784E-03
         833.4632        1.074177E-03        3.966874E-04        1.470864E-03
         835.5161        1.213497E-03        4.481377E-04        1.661635E-03
         837.5689        1.316087E-03        4.860237E-04        1.802111E-03
         839.6218        1.370901E-03        5.062658E-04        1.877166E-03
         841.6747        1.543750E-03        5.700979E-04        2.113848E-03
         843.7275        1.732220E-03        6.396988E-04        2.371919E-03
         845.7804        1.822677E-03        6.731042E-04        2.495781E-03
         847.8333        2.035082E-03        7.515442E-04        2.786627E-03
         849.8861        2.357299E-03        8.705370E-04        3.227836E-03
         851.9390        2.545934E-03        9.401989E-04        3.486133E-03
         853.9919        2.825129E-03        1.043304E-03        3.868433E-03
         856.0447        3.362531E-03        1.241763E-03        4.604294E-03
         858.0976        3.785057E-03        1.397800E-03        5.182856E-03
         860.1505        4.224076E-03        1.559927E-03        5.784003E-03
         862.2033        5.153223E-03        1.903055E-03        7.056278E-03
         864.2562        6.136599E-03        2.266211E-03        8.402810E-03
         866.3091        7.045156E-03        2.601736E-03        9.646892E-03
         868.3619        8.875115E-03        3.277529E-03        1.215264E-02
         870.4148        1.140496E-02        4.211785E-03        1.561674E-02
         872.4676        1.399216E-02        5.167225E-03        1.915939E-02
         874.5205        1.880807E-02        6.945713E-03        2.575379E-02
         876.5734        2.725289E-02        1.006433E-02        3.731722E-02
         878.6262        3.844813E-02        1.419867E-02        5.264680E-02
         880.6791        6.088679E-02        2.248514E-02        8.337194E-02
         882.7320        1.109337E-01        4.096719E-02        1.519009E-01
         884.7848        1.799338E-01        6.644853E-02        2.463824E-01
         886.8377        2.210120E-01        8.161845E-02        3.026304E-01
         888.8906        1.976708E-01        7.299869E-02        2.706695E-01
         890.9434        1.312056E-01        4.845350E-02        1.796591E-01
         892.9963        7.255494E-02        2.679412E-02        9.934906E-02
         895.0492        4.327523E-02        1.598130E-02        5.925653E-02
         897.1020        3.034423E-02        1.120595E-02        4.155019E-02
         899.1549        2.109958E-02        7.791953E-03        2.889153E-02
         901.2078        1.513339E-02        5.588674E-03        2.072206E-02
         903.2606        1.221847E-02        4.512210E-03        1.673068E-02
         905.3135        9.692489E-03        3.579381E-03        1.327187E-02
         907.3664        7.521202E-03        2.777537E-03        1.029874E-02
         909.4192        6.442752E-03        2.379272E-03        8.822023E-03
         911.4721        5.536639E-03        2.044649E-03        7.581288E-03
         913.5249        4.498987E-03        1.661450E-03        6.160437E-03
         915.5778        3.934101E-03        1.452841E-03        5.386942E-03
         917.6307        3.565921E-03        1.316874E-03        4.882795E-03
         919.6835        3.012242E-03        1.112404E-03        4.124646E-03
         921.7364        2.639317E-03        9.746848E-04        3.614002E-03
         923.7893        2.471765E-03        9.128085E-04        3.384573E-03
         925.8421        2.171072E-03        8.017644E-04        2.972836E-03
         927.8950        1.895587E-03        7.000294E-04        2.595616E-03
         929.9479        1.799874E-03        6.646831E-04        2.464557E-03
         932.0007        1.643814E-03        6.070512E-04        2.250865E-03
         934.0536        1.435651E-03        5.301776E-04        1.965828E-03
         936.1065        1.359596E-03        5.020908E-04        1.861686E-03
         938.1593        1.286110E-03        4.749531E-04        1.761063E-03
         940.2122        1.134049E-03        4.187979E-04        1.552847E-03
         942.2651        1.059069E-03        3.911080E-04        1.450177E-03
         944.3179        1.028491E-03        3.798156E-04        1.408306E-03
         946.3708        9.252801E-04        3.417005E-04        1.266981E-03
         948.4237        8.486564E-04        3.134039E-04        1.162060E-03
         950.4765        8.351619E-04        3.084205E-04        1.143582E-03
         952.5294        7.727095E-04        2.853572E-04        1.058067E-03
         954.5822        6.986765E-04        2.580173E-04        9.566938E-04
         956.6351        6.866203E-04        2.535650E-04        9.401853E-04
         958.6880        6.551599E-04        2.419468E-04        8.971067E-04
         960.7408        5.898059E-04        2.178120E-04        8.076179E-04
         962.7937        5.714869E-04        2.110468E-04        7.825337E-04
         964.8466        5.604033E-04        2.069537E-04        7.673571E-04
         966.8994        5.087035E-04        1.878613E-04        6.965648E-04
         968.9523        4.823825E-04        1.781412E-04        6.605237E-04
         971.0052        4.815807E-04        1.778451E-04        6.594257E-04
         973.0580        4.459401E-04        1.646832E-04        6.106232E-04
         975.1109        4.138809E-04        1.528440E-04        5.667249E-04
         977.1638        4.151036E-04        1.532955E-04        5.683992E-04
         979.2166        3.949830E-04        1.458651E-04        5.408481E-04
         981.2695        3.614579E-04        1.334844E-04        4.949423E-04
         983.3224        3.591489E-04        1.326316E-04        4.917805E-04
         985.3752        3.515457E-04        1.298238E-04        4.813694E-04
         987.4281        3.211164E-04        1.185865E-04        4.397028E-04
         989.4810        3.127089E-04        1.154817E-04        4.281907E-04
         991.5338        3.131261E-04        1.156358E-04        4.287619E-04
         993.5867        2.893383E-04        1.068511E-04        3.961894E-04
         995.6395        2.749601E-04        1.015412E-04        3.765012E-04
         997.6924        2.785558E-04        1.028690E-04        3.814248E-04
         999.7453        2.631860E-04        9.719307E-05        3.603791E-04
        1001.7981        2.449159E-04        9.044602E-05        3.353619E-04
        1003.8510        2.475475E-04        9.141790E-05        3.389654E-04
        1005.9039        2.404270E-04        8.878834E-05        3.292153E-04
        1007.9567        2.213135E-04        8.172983E-05        3.030433E-04
        1010.0096        2.202629E-04        8.134184E-05        3.016047E-04
        1012.0625        2.195967E-04        8.109580E-05        3.006925E-04
        1014.1153        2.026753E-04        7.484682E-05        2.775221E-04
        1016.1682        1.969488E-04        7.273207E-05        2.696809E-04
        1018.2211        1.999657E-04        7.384619E-05        2.738119E-04
        1020.2739        1.874735E-04        6.923287E-05        2.567063E-04
        1022.3268        1.776755E-04        6.561451E-05        2.432900E-04
        1024.3797        1.814066E-04        6.699237E-05        2.483990E-04
        1026.4325        1.743297E-04        6.437891E-05        2.387086E-04
        1028.4854        1.622009E-04        5.989983E-05        2.221007E-04
        1030.5383        1.641880E-04        6.063370E-05        2.248217E-04
        1032.5911        1.621863E-04        5.989449E-05        2.220808E-04
        1034.6440        1.499588E-04        5.537895E-05        2.053378E-04
        1036.6968        1.487386E-04        5.492830E-05        2.036669E-04
        1038.7497        1.504047E-04        5.554359E-05        2.059483E-04
        1040.8026        1.401505E-04        5.175675E-05        1.919072E-04
        1042.8554        1.354390E-04        5.001683E-05        1.854558E-04
        1044.9083        1.387822E-04        5.125146E-05        1.900337E-04
        1046.9612        1.318956E-04        4.870829E-05        1.806039E-04
        1049.0140        1.244539E-04        4.596012E-05        1.704141E-04
        1051.0669        1.274518E-04        4.706724E-05        1.745191E-04
        1053.1198        1.243863E-04        4.593513E-05        1.703214E-04
        1055.1726        1.156787E-04        4.271946E-05        1.583982E-04
        1057.2255        1.167771E-04        4.312507E-05        1.599022E-04
        1059.2784        1.170396E-04        4.322198E-05        1.602616E-04
        1061.3312        1.087471E-04        4.015965E-05        1.489068E-04
        1063.3841        1.071692E-04        3.957693E-05        1.467461E-04
        1065.4370        1.095577E-04        4.045902E-05        1.500167E-04
        1067.4898        1.031163E-04        3.808024E-05        1.411965E-04
        1069.5427        9.894773E-05        3.654082E-05        1.354885E-04
        1071.5956        1.019347E-04        3.764388E-05        1.395786E-04
        1073.6484        9.819187E-05        3.626168E-05        1.344536E-04
        1075.7013        9.224213E-05        3.406448E-05        1.263066E-04
        1077.7542        9.439304E-05        3.485880E-05        1.292518E-04
        1079.8070        9.345532E-05        3.451250E-05        1.279678E-04
        1081.8599        8.695509E-05        3.211201E-05        1.190671E-04
        1083.9127        8.727468E-05        3.223004E-05        1.195047E-04
        1085.9656        8.856023E-05        3.270479E-05        1.212650E-04
        1088.0185        8.279197E-05        3.057460E-05        1.133666E-04
        1090.0713        8.092281E-05        2.988433E-05        1.108071E-04
        1092.1242        8.338296E-05        3.079284E-05        1.141758E-04
        1094.1771        7.933903E-05        2.929945E-05        1.086385E-04
        1096.2299        7.557516E-05        2.790950E-05        1.034847E-04
        1098.2828        7.800995E-05        2.880867E-05        1.068186E-04
        1100.3357        7.616447E-05        2.812715E-05        1.042916E-04
        1102.3885        7.130083E-05        2.633102E-05        9.763185E-05
        1104.4414        7.268037E-05        2.684046E-05        9.952083E-05
        1106.4943        7.291737E-05        2.692798E-05        9.984535E-05
        1108.5471        6.798707E-05        2.510724E-05        9.309431E-05
        1110.6000        6.769573E-05        2.499964E-05        9.269537E-05
        1112.6529        6.939632E-05        2.562765E-05        9.502397E-05
        1114.7057        6.537534E-05        2.414273E-05        8.951807E-05
        1116.7586        6.332618E-05        2.338599E-05        8.671216E-05
        1118.8115        6.557633E-05        2.421695E-05        8.979328E-05
        1120.8643        6.313246E-05        2.331445E-05        8.644692E-05
        1122.9172        5.973452E-05        2.205961E-05        8.179413E-05
        1124.9700        6.158865E-05        2.274432E-05        8.433297E-05
        1127.0229        6.093486E-05        2.250288E-05        8.343775E-05
        1129.0758        5.693671E-05        2.102639E-05        7.796310E-05
        1131.1286        5.766491E-05        2.129530E-05        7.896022E-05
        1133.1815        5.854416E-05        2.162000E-05        8.016416E-05
        1135.2344        5.480400E-05        2.023879E-05        7.504279E-05
        1137.2872        5.406007E-05        1.996407E-05        7.402414E-05
        1139.3401        5.585356E-05        2.062641E-05        7.647996E-05
        1141.3930        5.310318E-05        1.961071E-05        7.271389E-05
        1143.4458        5.097892E-05        1.882622E-05        6.980515E-05
        1145.4987        5.289867E-05        1.953517E-05        7.243383E-05
        1147.5516        5.156100E-05        1.904118E-05        7.060218E-05
        1149.6044        4.852190E-05        1.791886E-05        6.644076E-05
        1151.6573        4.983059E-05        1.840217E-05        6.823277E-05
        1153.7102        4.993383E-05        1.844030E-05        6.837413E-05
        1155.7630        4.666294E-05        1.723236E-05        6.389530E-05
        1157.8159        4.686168E-05        1.730572E-05        6.416741E-05
        1159.8688        4.806379E-05        1.774965E-05        6.581344E-05
        1161.9216        4.526293E-05        1.671531E-05        6.197825E-05
        1163.9745        4.420203E-05        1.632353E-05        6.052557E-05
        1166.0273        4.591035E-05        1.695441E-05        6.286476E-05
        1168.0802        4.411181E-05        1.629022E-05        6.040203E-05
        1170.1331        4.199983E-05        1.551027E-05        5.751010E-05
        1172.1859        4.354618E-05        1.608132E-05        5.962749E-05
        1174.2388        4.298529E-05        1.587418E-05        5.885948E-05
        1176.2917        4.030515E-05        1.488443E-05        5.518957E-05
        1178.3445        4.112752E-05        1.518812E-05        5.631565E-05
        1180.3974        4.170259E-05        1.540049E-05        5.710308E-05
        1182.4503        3.906129E-05        1.442508E-05        5.348637E-05
        1184.5031        3.884315E-05        1.434452E-05        5.318766E-05
        1186.5560        4.016732E-05        1.483352E-05        5.500083E-05
        1188.6089        3.812525E-05        1.407940E-05        5.220466E-05
        1190.6617        3.686015E-05        1.361223E-05        5.047237E-05
        1192.7146        3.838453E-05        1.417518E-05        5.255971E-05
        1194.7675        3.730955E-05        1.377819E-05        5.108774E-05
        1196.8203        3.527881E-05        1.302827E-05        4.830708E-05
        1198.8732        3.644880E-05        1.346035E-05        4.990915E-05
