  Freq. (cm^{-1})           IR Inten.        QC-IR Inten.
           2.0529        9.141940E-06        9.149104E-06
           4.1057        9.295176E-06        9.309748E-06
           6.1586        8.764784E-06        8.785401E-06
           8.2115        9.091609E-06        9.120131E-06
          10.2643        9.532032E-06        9.569421E-06
          12.3172        8.987227E-06        9.029541E-06
          14.3701        8.958078E-06        9.007297E-06
          16.4229        9.553161E-06        9.613163E-06
          18.4758        9.201832E-06        9.266869E-06
          20.5287        8.863331E-06        8.932954E-06
          22.5815        9.460877E-06        9.542646E-06
          24.6344        9.407290E-06        9.496011E-06
          26.6872        8.858793E-06        8.949328E-06
          28.7401        9.298010E-06        9.400369E-06
          30.7930        9.559177E-06        9.671957E-06
          32.8458        8.953592E-06        9.066299E-06
          34.8987        9.117567E-06        9.239543E-06
          36.9516        9.624330E-06        9.760695E-06
          39.0044        9.127911E-06        9.264462E-06
          41.0573        8.974495E-06        9.115854E-06
          43.1102        9.592188E-06        9.750873E-06
          45.1630        9.340446E-06        9.502366E-06
          47.2159        8.910521E-06        9.072051E-06
          49.2688        9.473104E-06        9.652346E-06
          51.3216        9.536845E-06        9.724861E-06
          53.3745        8.947818E-06        9.131325E-06
          55.4274        9.304191E-06        9.502397E-06
          57.4802        9.668953E-06        9.882613E-06
          59.5331        9.082401E-06        9.290322E-06
          61.5860        9.138394E-06        9.354867E-06
          63.6388        9.708865E-06        9.946579E-06
          65.6917        9.285180E-06        9.519915E-06
          67.7445        9.026568E-06        9.261957E-06
          69.7974        9.651856E-06        9.911245E-06
          71.8503        9.508246E-06        9.771359E-06
          73.9031        9.004431E-06        9.260788E-06
          75.9560        9.516711E-06        9.795251E-06
          78.0089        9.696278E-06        9.987819E-06
          80.0617        9.087239E-06        9.367731E-06
          82.1146        9.352101E-06        9.648246E-06
          84.1675        9.810407E-06        1.012891E-05
          86.2203        9.261476E-06        9.569574E-06
          88.2732        9.208221E-06        9.521922E-06
          90.3261        9.826369E-06        1.016900E-05
          92.3789        9.489490E-06        9.827985E-06
          94.4318        9.133369E-06        9.466487E-06
          96.4847        9.748368E-06        1.011174E-05
          98.5375        9.719365E-06        1.008946E-05
         100.5904        9.157565E-06        9.513623E-06
         102.6433        9.605735E-06        9.986938E-06
         104.6961        9.898078E-06        1.029884E-05
         106.7490        9.285641E-06        9.669079E-06
         108.8018        9.449040E-06        9.846831E-06
         110.8547        9.989760E-06        1.041836E-05
         112.9076        9.495893E-06        9.910956E-06
         114.9604        9.333110E-06        9.748582E-06
         117.0133        9.982835E-06        1.043528E-05
         119.0662        9.745283E-06        1.019483E-05
         121.1190        9.299415E-06        9.735901E-06
         123.1719        9.885881E-06        1.035788E-05
         125.2248        9.976026E-06        1.046039E-05
         127.2776        9.371116E-06        9.833689E-06
         129.3305        9.739949E-06        1.022861E-05
         131.3834        1.014070E-05        1.065767E-05
         133.4362        9.544116E-06        1.003840E-05
         135.4891        9.598923E-06        1.010383E-05
         137.5420        1.020960E-05        1.075491E-05
         139.5948        9.787542E-06        1.031824E-05
         141.6477        9.515439E-06        1.003911E-05
         143.7006        1.017806E-05        1.074646E-05
         145.7534        1.005156E-05        1.062106E-05
         147.8063        9.527453E-06        1.007500E-05
         149.8591        1.006781E-05        1.065460E-05
         151.9120        1.027977E-05        1.088728E-05
         153.9649        9.648476E-06        1.022653E-05
         156.0177        9.923340E-06        1.052594E-05
         158.0706        1.042494E-05        1.106649E-05
         160.1235        9.863875E-06        1.047894E-05
         162.1763        9.804665E-06        1.042403E-05
         164.2292        1.047016E-05        1.114011E-05
         166.2821        1.013683E-05        1.079373E-05
         168.3349        9.760394E-06        1.040087E-05
         170.3878        1.041717E-05        1.110926E-05
         172.4407        1.041101E-05        1.111120E-05
         174.4935        9.821821E-06        1.049042E-05
         176.5464        1.029784E-05        1.100727E-05
         178.5993        1.063112E-05        1.137222E-05
         180.6521        9.993764E-06        1.069862E-05
         182.7050        1.016535E-05        1.089064E-05
         184.7579        1.075903E-05        1.153550E-05
         186.8107        1.025269E-05        1.100103E-05
         188.8636        1.007723E-05        1.082104E-05
         190.9164        1.078173E-05        1.158639E-05
         192.9693        1.055220E-05        1.134840E-05
         195.0222        1.007851E-05        1.084725E-05
         197.0750        1.071100E-05        1.153679E-05
         199.1279        1.083258E-05        1.167666E-05
         201.1808        1.019370E-05        1.099639E-05
         203.2336        1.058982E-05        1.143243E-05
         205.2865        1.104247E-05        1.193020E-05
         207.3394        1.041775E-05        1.126384E-05
         209.3922        1.047543E-05        1.133486E-05
         211.4451        1.114990E-05        1.207386E-05
         213.4980        1.071735E-05        1.161432E-05
         215.5508        1.042441E-05        1.130547E-05
         217.6037        1.115011E-05        1.210172E-05
         219.6566        1.103893E-05        1.199019E-05
         221.7094        1.047754E-05        1.138909E-05
         223.7623        1.106665E-05        1.203862E-05
         225.8152        1.132180E-05        1.232555E-05
         227.8680        1.065126E-05        1.160439E-05
         229.9209        1.095389E-05        1.194318E-05
         231.9738        1.152304E-05        1.257329E-05
         234.0266        1.092985E-05        1.193510E-05
         236.0795        1.086175E-05        1.186976E-05
         238.1323        1.160221E-05        1.268858E-05
         240.1852        1.126332E-05        1.232731E-05
         242.2381        1.085394E-05        1.188828E-05
         244.2909        1.158080E-05        1.269405E-05
         246.3438        1.160162E-05        1.272653E-05
         248.3967        1.096427E-05        1.203651E-05
         250.4495        1.148923E-05        1.262238E-05
         252.5024        1.188141E-05        1.306314E-05
         254.5553        1.119681E-05        1.231978E-05
         256.6081        1.138527E-05        1.253665E-05
         258.6610        1.206060E-05        1.329035E-05
         260.7139        1.152549E-05        1.271030E-05
         262.7667        1.133203E-05        1.250641E-05
         264.8196        1.212483E-05        1.339152E-05
         266.8725        1.189912E-05        1.315218E-05
         268.9253        1.137892E-05        1.258672E-05
         270.9782        1.208627E-05        1.337927E-05
         273.0311        1.225033E-05        1.357114E-05
         275.0839        1.155312E-05        1.280845E-05
         277.1368        1.199534E-05        1.330876E-05
         279.1896        1.252559E-05        1.390758E-05
         281.2425        1.184988E-05        1.316726E-05
         283.2954        1.191393E-05        1.324844E-05
         285.3482        1.268720E-05        1.411898E-05
         287.4011        1.223106E-05        1.362165E-05
         289.4540        1.190534E-05        1.326891E-05
         291.5068        1.273063E-05        1.419943E-05
         293.5597        1.263714E-05        1.410579E-05
         295.6126        1.201509E-05        1.342156E-05
         297.6654        1.268223E-05        1.417749E-05
         299.7183        1.299983E-05        1.454348E-05
         301.7712        1.226014E-05        1.372630E-05
         303.8240        1.259942E-05        1.411679E-05
         305.8769        1.326622E-05        1.487509E-05
         307.9298        1.262352E-05        1.416510E-05
         309.9826        1.255146E-05        1.409486E-05
         312.0355        1.341038E-05        1.507072E-05
         314.0884        1.305760E-05        1.468531E-05
         316.1412        1.259951E-05        1.418077E-05
         318.1941        1.343774E-05        1.513559E-05
         320.2469        1.349511E-05        1.521164E-05
         322.2998        1.278230E-05        1.441899E-05
         324.3527        1.338667E-05        1.511209E-05
         326.4055        1.386646E-05        1.566549E-05
         328.4584        1.310574E-05        1.481719E-05
         330.5113        1.332400E-05        1.507527E-05
         332.5641        1.412446E-05        1.599293E-05
         334.6170        1.354048E-05        1.534321E-05
         336.6699        1.332147E-05        1.510636E-05
         338.7227        1.425157E-05        1.617321E-05
         340.7756        1.402716E-05        1.593048E-05
         342.8285        1.343591E-05        1.527044E-05
         344.8813        1.426185E-05        1.622131E-05
         346.9342        1.448832E-05        1.649124E-05
         348.9871        1.370051E-05        1.560620E-05
         351.0399        1.421836E-05        1.620821E-05
         353.0928        1.486728E-05        1.696063E-05
         355.1457        1.410998E-05        1.610875E-05
         357.1985        1.418678E-05        1.620855E-05
         359.2514        1.511325E-05        1.727997E-05
         361.3042        1.461754E-05        1.672569E-05
         363.3571        1.424281E-05        1.630911E-05
         365.4100        1.522405E-05        1.744573E-05
         367.4628        1.515539E-05        1.738003E-05
         369.5157        1.444023E-05        1.657226E-05
         371.5686        1.523133E-05        1.749322E-05
         373.6214        1.564457E-05        1.798124E-05
         375.6743        1.479919E-05        1.702229E-05
         377.7272        1.520270E-05        1.749947E-05
         379.7800        1.602358E-05        1.845812E-05
         381.8329        1.529913E-05        1.763674E-05
         383.8858        1.521582E-05        1.755378E-05
         385.9386        1.625571E-05        1.876744E-05
         387.9915        1.588112E-05        1.834863E-05
         390.0444        1.535038E-05        1.774864E-05
         392.0972        1.636365E-05        1.893432E-05
         394.1501        1.647775E-05        1.908054E-05
         396.2030        1.564944E-05        1.813488E-05
         398.2558        1.637940E-05        1.899490E-05
         400.3087        1.699556E-05        1.972411E-05
         402.3615        1.611814E-05        1.871974E-05
         404.4144        1.638575E-05        1.904469E-05
         406.4673        1.738164E-05        2.021721E-05
         408.5201        1.672315E-05        1.946575E-05
         410.5730        1.646857E-05        1.918367E-05
         412.6259        1.761472E-05        2.053401E-05
         414.6787        1.739389E-05        2.029164E-05
         416.7316        1.669789E-05        1.949415E-05
         418.7845        1.771496E-05        2.069689E-05
         420.8373        1.804031E-05        2.109264E-05
         422.8902        1.711161E-05        2.002166E-05
         424.9431        1.774896E-05        2.078279E-05
         426.9959        1.858442E-05        2.177720E-05
         429.0488        1.770386E-05        2.076073E-05
         431.1017        1.780751E-05        2.089775E-05
         433.1545        1.897746E-05        2.228723E-05
         435.2074        1.842278E-05        2.165184E-05
         437.2603        1.797851E-05        2.114533E-05
         439.3131        1.921040E-05        2.261094E-05
         441.3660        1.918348E-05        2.259596E-05
         443.4189        1.832847E-05        2.160483E-05
         445.4717        1.932278E-05        2.279372E-05
         447.5246        1.989032E-05        2.348055E-05
         449.5774        1.888341E-05        2.230837E-05
         451.6303        1.939759E-05        2.293275E-05
         453.6832        2.046773E-05        2.421579E-05
         455.7360        1.961989E-05        2.322984E-05
         457.7889        1.953379E-05        2.314496E-05
         459.8418        2.087499E-05        2.475237E-05
         461.8946        2.046836E-05        2.428812E-05
         463.9475        1.982209E-05        2.353859E-05
         466.0004        2.111946E-05        2.509771E-05
         468.0532        2.132975E-05        2.536630E-05
         470.1061        2.032230E-05        2.418601E-05
         472.1590        2.126124E-05        2.532212E-05
         474.2118        2.210371E-05        2.634488E-05
         476.2647        2.104540E-05        2.510198E-05
         478.3176        2.140053E-05        2.554436E-05
         480.3704        2.271998E-05        2.713926E-05
         482.4233        2.194894E-05        2.623754E-05
         484.4762        2.164526E-05        2.589356E-05
         486.5290        2.315039E-05        2.771447E-05
         488.5819        2.294421E-05        2.748783E-05
         490.6347        2.208671E-05        2.647997E-05
         492.6876        2.342342E-05        2.810320E-05
         494.7405        2.392019E-05        2.872030E-05
         496.7933        2.277631E-05        2.736696E-05
         498.8462        2.362638E-05        2.840921E-05
         500.8991        2.478091E-05        2.981934E-05
         502.9519        2.370639E-05        2.854728E-05
         505.0048        2.386228E-05        2.875609E-05
         507.0577        2.544429E-05        3.068503E-05
         509.1105        2.480500E-05        2.993600E-05
         511.1634        2.425862E-05        2.929806E-05
         513.2163        2.591909E-05        3.132641E-05
         515.2691        2.597568E-05        3.141781E-05
         517.3220        2.490271E-05        3.014211E-05
         519.3749        2.625050E-05        3.179672E-05
         521.4277        2.709133E-05        3.283922E-05
         523.4806        2.582976E-05        3.133290E-05
         525.5335        2.654487E-05        3.222394E-05
         527.5863        2.805048E-05        3.407655E-05
         529.6392        2.701138E-05        3.283822E-05
         531.6920        2.693384E-05        3.276790E-05
         533.7449        2.879851E-05        3.506207E-05
         535.7978        2.835805E-05        3.455104E-05
         537.8506        2.753966E-05        3.357842E-05
         539.9035        2.934278E-05        3.580305E-05
         541.9564        2.973853E-05        3.631242E-05
         544.0092        2.844823E-05        3.476223E-05
         546.0621        2.976979E-05        3.640365E-05
         548.1150        3.102452E-05        3.796566E-05
         550.1678        2.967780E-05        3.634412E-05
         552.2207        3.020852E-05        3.702102E-05
         554.2736        3.211384E-05        3.938469E-05
         556.3264        3.117309E-05        3.825880E-05
         558.3793        3.081002E-05        3.784075E-05
         560.4322        3.296980E-05        4.052287E-05
         562.4850        3.281772E-05        4.036531E-05
         564.5379        3.170336E-05        3.902304E-05
         566.5908        3.363067E-05        4.142545E-05
         568.6436        3.446094E-05        4.247902E-05
         570.6965        3.296246E-05        4.066144E-05
         572.7493        3.421117E-05        4.223248E-05
         574.8022        3.596306E-05        4.442740E-05
         576.8551        3.458670E-05        4.275814E-05
         578.9079        3.488682E-05        4.316049E-05
         580.9608        3.725505E-05        4.612383E-05
         583.0137        3.650040E-05        4.522233E-05
         585.0665        3.580226E-05        4.438956E-05
         587.1194        3.827852E-05        4.749419E-05
         589.1723        3.853041E-05        4.784140E-05
         591.2251        3.709815E-05        4.609643E-05
         593.2780        3.913206E-05        4.865892E-05
         595.3309        4.052277E-05        5.042471E-05
         597.3837        3.883850E-05        4.836390E-05
         599.4366        3.996700E-05        4.980523E-05
         601.4895        4.233089E-05        5.278920E-05
         603.5423        4.099073E-05        5.115494E-05
         605.5952        4.097724E-05        5.117512E-05
         607.6481        4.387553E-05        5.483434E-05
         609.7009        4.343399E-05        5.432177E-05
         611.7538        4.234946E-05        5.300368E-05
         613.8066        4.516876E-05        5.657312E-05
         615.8595        4.598438E-05        5.763630E-05
         617.9124        4.421940E-05        5.546413E-05
         619.9652        4.633552E-05        5.816035E-05
         622.0181        4.845572E-05        6.086554E-05
         624.0710        4.662898E-05        5.861323E-05
         626.1238        4.757092E-05        5.984042E-05
         628.1767        5.069452E-05        6.381567E-05
         630.2296        4.950897E-05        6.236821E-05
         632.2824        4.911183E-05        6.191254E-05
         634.3353        5.264748E-05        6.641757E-05
         636.3882        5.269871E-05        6.653012E-05
         638.4410        5.116850E-05        6.464482E-05
         640.4939        5.437102E-05        6.874027E-05
         642.5468        5.597736E-05        7.082209E-05
         644.5996        5.387457E-05        6.821073E-05
         646.6525        5.604444E-05        7.100906E-05
         648.7054        5.913446E-05        7.497807E-05
         650.7582        5.724834E-05        7.263881E-05
         652.8111        5.793144E-05        7.355841E-05
         654.8640        6.203284E-05        7.882278E-05
         656.9168        6.118175E-05        7.779720E-05
         658.9697        6.030661E-05        7.673949E-05
         661.0225        6.463112E-05        8.230144E-05
         663.0754        6.545076E-05        8.340502E-05
         665.1283        6.341351E-05        8.086692E-05
         667.1811        6.706201E-05        8.558097E-05
         669.2340        6.980218E-05        8.914174E-05
         671.2869        6.738563E-05        8.611738E-05
         673.3397        6.958213E-05        8.898822E-05
         675.3926        7.400556E-05        9.471316E-05
         677.4455        7.220903E-05        9.248017E-05
         679.4983        7.253369E-05        9.296252E-05
         681.5512        7.793451E-05        9.995600E-05
         683.6041        7.772172E-05        9.975445E-05
         685.6569        7.626651E-05        9.795678E-05
         687.7098        8.161644E-05        1.049033E-04
         689.7627        8.364975E-05        1.075936E-04
         691.8155        8.106644E-05        1.043454E-04
         693.8684        8.528538E-05        1.098544E-04
         695.9213        8.971148E-05        1.156381E-04
         697.9741        8.706685E-05        1.123094E-04
         700.0270        8.927588E-05        1.152412E-04
         702.0798        9.561810E-05        1.235161E-04
         704.1327        9.420479E-05        1.217773E-04
         706.1856        9.407760E-05        1.216997E-04
         708.2384        1.013229E-04        1.311659E-04
         710.2913        1.022831E-04        1.325033E-04
         712.3442        1.001431E-04        1.298236E-04
         714.3970        1.069387E-04        1.387321E-04
         716.4499        1.109604E-04        1.440520E-04
         718.5028        1.078212E-04        1.400765E-04
         720.5556        1.128311E-04        1.466895E-04
         722.6085        1.198995E-04        1.559900E-04
         724.6614        1.172761E-04        1.526855E-04
         726.7142        1.195629E-04        1.557736E-04
         728.7671        1.288802E-04        1.680322E-04
         730.8200        1.284391E-04        1.675762E-04
         732.8728        1.277461E-04        1.667906E-04
         734.9257        1.377923E-04        1.800352E-04
         736.9786        1.409607E-04        1.843059E-04
         739.0314        1.380839E-04        1.806728E-04
         741.0843        1.471225E-04        1.926358E-04
         743.1371        1.546155E-04        2.025906E-04
         745.1900        1.510911E-04        1.981132E-04
         747.2429        1.574122E-04        2.065480E-04
         749.2957        1.689708E-04        2.218719E-04
         751.3486        1.669984E-04        2.194375E-04
         753.4015        1.695749E-04        2.229812E-04
         755.4543        1.838948E-04        2.419823E-04
         757.5072        1.857960E-04        2.446573E-04
         759.5601        1.846791E-04        2.433589E-04
         761.6129        1.996119E-04        2.632228E-04
         763.6658        2.072442E-04        2.734809E-04
         765.7187        2.038002E-04        2.691265E-04
         767.7715        2.168474E-04        2.865585E-04
         769.8244        2.310391E-04        3.055286E-04
         771.8773        2.278626E-04        3.015410E-04
         773.9301        2.368470E-04        3.136521E-04
         775.9830        2.570153E-04        3.406012E-04
         778.0359        2.575326E-04        3.415279E-04
         780.0887        2.613499E-04        3.468351E-04
         782.1416        2.854357E-04        3.790668E-04
         784.1944        2.932142E-04        3.896718E-04
         786.2473        2.924638E-04        3.889489E-04
         788.3002        3.172524E-04        4.222131E-04
         790.3530        3.351562E-04        4.463550E-04
         792.4059        3.325300E-04        4.431698E-04
         794.4588        3.544107E-04        4.726637E-04
         796.5116        3.837735E-04        5.121845E-04
         798.5645        3.839966E-04        5.128435E-04
         800.6174        4.000230E-04        5.346238E-04
         802.6702        4.400667E-04        5.885557E-04
         804.7231        4.493938E-04        6.014532E-04
         806.7760        4.585159E-04        6.140939E-04
         808.8288        5.061828E-04        6.784116E-04
         810.8817        5.315041E-04        7.128496E-04
         812.9346        5.360378E-04        7.194358E-04
         814.9874        5.867996E-04        7.881188E-04
         817.0403        6.344126E-04        8.526658E-04
         819.0932        6.405576E-04        8.615297E-04
         821.1460        6.891605E-04        9.275503E-04
         823.1989        7.636045E-04        1.028467E-03
         825.2517        7.826952E-04        1.054920E-03
         827.3046        8.258103E-04        1.113812E-03
         829.3575        9.291323E-04        1.254047E-03
         831.4103        9.777791E-04        1.320631E-03
         833.4632        1.016946E-03        1.374494E-03
         835.5161        1.148863E-03        1.553881E-03
         837.5689        1.249507E-03        1.691190E-03
         839.6218        1.295800E-03        1.755076E-03
         841.6747        1.455797E-03        1.973164E-03
         843.7275        1.638353E-03        2.222151E-03
         845.7804        1.719851E-03        2.334324E-03
         847.8333        1.913016E-03        2.598320E-03
         849.8861        2.220409E-03        3.017942E-03
         851.9390        2.396932E-03        3.260147E-03
         853.9919        2.649020E-03        3.605540E-03
         856.0447        3.154760E-03        4.296896E-03
         858.0976        3.553545E-03        4.843438E-03
         860.1505        3.952186E-03        5.390544E-03
         862.2033        4.817408E-03        6.575245E-03
         864.2562        5.742351E-03        7.843166E-03
         866.3091        6.577275E-03        8.989815E-03
         868.3619        8.270959E-03        1.131263E-02
         870.4148        1.063533E-02        1.455666E-02
         872.4676        1.303083E-02        1.784784E-02
         874.5205        1.748069E-02        2.395934E-02
         876.5734        2.532941E-02        3.474113E-02
         878.6262        3.570844E-02        4.901085E-02
         880.6791        5.645393E-02        7.753861E-02
         882.7320        1.028181E-01        1.413175E-01
         884.7848        1.667392E-01        2.293328E-01
         886.8377        2.046003E-01        2.816028E-01
         888.8906        1.826790E-01        2.516063E-01
         890.9434        1.210315E-01        1.668142E-01
         892.9963        6.686428E-02        9.222125E-02
         895.0492        3.986956E-02        5.502754E-02
         897.1020        2.791119E-02        3.854950E-02
         899.1549        1.938372E-02        2.679040E-02
         901.2078        1.390636E-02        1.923345E-02
         903.2606        1.121046E-02        1.551560E-02
         905.3135        8.875384E-03        1.229232E-02
         907.3664        6.891457E-03        9.551224E-03
         909.4192        5.898109E-03        8.180164E-03
         911.4721        5.054258E-03        7.014678E-03
         913.5249        4.108691E-03        5.706305E-03
         915.5778        3.593935E-03        4.994852E-03
         917.6307        3.246504E-03        4.515120E-03
         919.6835        2.740932E-03        3.814630E-03
         921.7364        2.405530E-03        3.350161E-03
         923.7893        2.245453E-03        3.129389E-03
         925.8421        1.968215E-03        2.744913E-03
         927.8950        1.722828E-03        2.404354E-03
         929.9479        1.632306E-03        2.279599E-03
         932.0007        1.485184E-03        2.075570E-03
         934.0536        1.300285E-03        1.818427E-03
         936.1065        1.231162E-03        1.722951E-03
         938.1593        1.158770E-03        1.622761E-03
         940.2122        1.022983E-03        1.433593E-03
         942.2651        9.573783E-04        1.342582E-03
         944.3179        9.247898E-04        1.297777E-03
         946.3708        8.311297E-04        1.167147E-03
         948.4237        7.653539E-04        1.075521E-03
         950.4765        7.499690E-04        1.054628E-03
         952.5294        6.913477E-04        9.728635E-04
         954.5822        6.280227E-04        8.843620E-04
         956.6351        6.160395E-04        8.680856E-04
         958.6880        5.843118E-04        8.239442E-04
         960.7408        5.279635E-04        7.449997E-04
         962.7937        5.123130E-04        7.234135E-04
         964.8466        4.987879E-04        7.048002E-04
         966.8994        4.532438E-04        6.408860E-04
         968.9523        4.316936E-04        6.108341E-04
         971.0052        4.280635E-04        6.061143E-04
         973.0580        3.954436E-04        5.603114E-04
         975.1109        3.693588E-04        5.237112E-04
         977.1638        3.688020E-04        5.232811E-04
         979.2166        3.488787E-04        4.953526E-04
         981.2695        3.212778E-04        4.564771E-04
         983.3224        3.190191E-04        4.535792E-04
         985.3752        3.096631E-04        4.405792E-04
         987.4281        2.839960E-04        4.043381E-04
         989.4810        2.775767E-04        3.954698E-04
         991.5338        2.754361E-04        3.926892E-04
         993.5867        2.545354E-04        3.631398E-04
         995.6395        2.436171E-04        3.478013E-04
         997.6924        2.449615E-04        3.499602E-04
         999.7453        2.304181E-04        3.294086E-04
        1001.7981        2.162634E-04        3.093847E-04
        1003.8510        2.177838E-04        3.117730E-04
        1005.9039        2.097454E-04        3.004711E-04
        1007.9567        1.944749E-04        2.787858E-04
        1010.0096        1.938349E-04        2.780585E-04
        1012.0625        1.911954E-04        2.744598E-04
        1014.1153        1.770782E-04        2.543684E-04
        1016.1682        1.731961E-04        2.489619E-04
        1018.2211        1.740296E-04        2.503309E-04
        1020.2739        1.628704E-04        2.344391E-04
        1022.3268        1.558739E-04        2.245214E-04
        1024.3797        1.579834E-04        2.277153E-04
        1026.4325        1.507454E-04        2.174309E-04
        1028.4854        1.416877E-04        2.045058E-04
        1030.5383        1.431358E-04        2.067368E-04
        1032.5911        1.398240E-04        2.020912E-04
        1034.6440        1.302300E-04        1.883531E-04
        1036.6968        1.297115E-04        1.877309E-04
        1038.7497        1.295088E-04        1.875654E-04
        1040.8026        1.209417E-04        1.752771E-04
        1042.8554        1.180341E-04        1.711796E-04
        1044.9083        1.196444E-04        1.736331E-04
        1046.9612        1.132089E-04        1.644054E-04
        1049.0140        1.081154E-04        1.571153E-04
        1051.0669        1.100311E-04        1.600080E-04
        1053.1198        1.063038E-04        1.546928E-04
        1055.1726        9.995642E-05        1.455551E-04
        1057.2255        1.009658E-04        1.471249E-04
        1059.2784        9.981525E-05        1.455471E-04
        1061.3312        9.334556E-05        1.362056E-04
        1063.3841        9.269199E-05        1.353438E-04
        1065.4370        9.343841E-05        1.365263E-04
        1067.4898        8.791895E-05        1.285488E-04
        1069.5427        8.543244E-05        1.249979E-04
        1071.5956        8.707962E-05        1.274944E-04
        1073.6484        8.325801E-05        1.219817E-04
        1075.7013        7.931093E-05        1.162776E-04
        1077.7542        8.083097E-05        1.185864E-04
        1079.8070        7.897815E-05        1.159466E-04
        1081.8599        7.429532E-05        1.091457E-04
        1083.9127        7.486128E-05        1.100516E-04
        1085.9656        7.476595E-05        1.099859E-04
        1088.0185        7.022349E-05        1.033735E-04
        1090.0713        6.940940E-05        1.022442E-04
        1092.1242        7.048392E-05        1.038972E-04
        1094.1771        6.684066E-05        9.859346E-05
        1096.2299        6.464846E-05        9.542431E-05
        1098.2828        6.611467E-05        9.765443E-05
        1100.3357        6.384723E-05        9.436901E-05
        1102.3885        6.066462E-05        8.972551E-05
        1104.4414        6.177199E-05        9.142503E-05
        1106.4943        6.098067E-05        9.031475E-05
        1108.5471        5.742582E-05        8.510726E-05
        1110.6000        5.762722E-05        8.546333E-05
        1112.6529        5.805320E-05        8.615312E-05
        1114.7057        5.479559E-05        8.137351E-05
        1116.7586        5.386151E-05        8.004028E-05
        1118.8115        5.498898E-05        8.177078E-05
        1120.8643        5.257094E-05        7.822770E-05
        1122.9172        5.060864E-05        7.535842E-05
        1124.9700        5.181949E-05        7.721336E-05
        1127.0229        5.053000E-05        7.534262E-05
        1129.0758        4.792075E-05        7.150016E-05
        1131.1286        4.866622E-05        7.266127E-05
        1133.1815        4.849376E-05        7.245245E-05
        1135.2344        4.575533E-05        6.840702E-05
        1137.2872        4.567501E-05        6.833281E-05
        1139.3401        4.634094E-05        6.937565E-05
        1141.3930        4.399040E-05        6.590095E-05
        1143.4458        4.298921E-05        6.444432E-05
        1145.4987        4.404316E-05        6.606857E-05
        1147.5516        4.246113E-05        6.373813E-05
        1149.6044        4.070575E-05        6.114412E-05
        1151.6573        4.165813E-05        6.261664E-05
        1153.7102        4.100239E-05        6.167231E-05
        1155.7630        3.884279E-05        5.846317E-05
        1157.8159        3.928138E-05        5.916291E-05
        1159.8688        3.946836E-05        5.948432E-05
        1161.9216        3.735034E-05        5.632987E-05
        1163.9745        3.706261E-05        5.593334E-05
        1166.0273        3.781361E-05        5.710490E-05
        1168.0802        3.612705E-05        5.459440E-05
        1170.1331        3.510163E-05        5.308027E-05
        1172.1859        3.602440E-05        5.451210E-05
        1174.2388        3.502889E-05        5.304111E-05
        1176.2917        3.346359E-05        5.070477E-05
        1178.3445        3.416985E-05        5.180950E-05
        1180.3974        3.393070E-05        5.148124E-05
        1182.4503        3.215056E-05        4.881289E-05
        1184.5031        3.234931E-05        4.914742E-05
        1186.5560        3.273946E-05        4.977335E-05
        1188.6089        3.110575E-05        4.732118E-05
        1190.6617        3.067146E-05        4.669159E-05
        1192.7146        3.142041E-05        4.786361E-05
        1194.7675        3.022994E-05        4.608082E-05
        1196.8203        2.920920E-05        4.455452E-05
        1198.8732        2.997418E-05        4.575184E-05
